NaN,NaN,NaN,NaN,NaN,NaN,NaN,NaN,NaN,NaN,NaN,NaN,NaN,NaN,NaN,NaN,NaN,NaN,NaN,NaN,NaN,NaN,NaN,NaN,NaN,NaN,NaN,NaN,NaN,NaN,NaN,NaN,NaN,NaN,NaN,NaN,NaN,NaN,NaN,NaN,NaN,NaN,NaN,NaN,NaN,NaN,NaN,NaN,NaN,NaN,NaN,NaN,NaN,NaN,NaN,NaN,NaN,NaN,NaN,NaN,NaN,NaN,NaN,NaN,NaN,NaN,NaN,NaN,NaN,NaN,NaN,NaN,NaN,NaN,NaN,NaN,NaN,NaN,NaN,NaN,NaN,NaN,NaN,NaN,NaN,NaN,NaN,NaN,NaN,NaN,NaN,NaN,NaN,NaN,NaN,NaN,NaN,NaN,NaN
NaN,NaN,NaN,NaN,NaN,NaN,NaN,NaN,NaN,NaN,NaN,NaN,NaN,NaN,NaN,NaN,NaN,NaN,NaN,NaN,NaN,NaN,NaN,NaN,NaN,NaN,NaN,NaN,NaN,NaN,NaN,NaN,NaN,NaN,NaN,NaN,NaN,NaN,NaN,NaN,NaN,NaN,NaN,NaN,NaN,NaN,NaN,NaN,NaN,NaN,NaN,NaN,NaN,NaN,NaN,NaN,NaN,NaN,NaN,NaN,NaN,NaN,NaN,NaN,NaN,NaN,NaN,NaN,NaN,NaN,NaN,NaN,NaN,NaN,NaN,NaN,NaN,NaN,NaN,NaN,NaN,NaN,NaN,NaN,NaN,NaN,NaN,NaN,NaN,NaN,NaN,NaN,NaN,NaN,NaN,NaN,NaN,NaN,NaN
NaN,NaN,NaN,NaN,NaN,NaN,NaN,NaN,NaN,NaN,NaN,NaN,NaN,NaN,NaN,NaN,NaN,NaN,NaN,NaN,NaN,NaN,NaN,NaN,NaN,NaN,NaN,NaN,NaN,NaN,NaN,NaN,NaN,NaN,NaN,NaN,NaN,NaN,NaN,NaN,NaN,NaN,NaN,NaN,NaN,NaN,NaN,NaN,NaN,NaN,NaN,NaN,NaN,NaN,NaN,NaN,NaN,NaN,NaN,NaN,NaN,NaN,NaN,NaN,NaN,NaN,NaN,NaN,NaN,NaN,NaN,NaN,NaN,NaN,NaN,NaN,NaN,NaN,NaN,NaN,NaN,NaN,NaN,NaN,NaN,NaN,NaN,NaN,NaN,NaN,NaN,NaN,NaN,NaN,NaN,NaN,NaN,NaN,NaN
NaN,NaN,NaN,NaN,NaN,NaN,NaN,NaN,NaN,NaN,NaN,NaN,NaN,NaN,NaN,NaN,NaN,NaN,NaN,NaN,NaN,NaN,NaN,NaN,NaN,NaN,NaN,NaN,NaN,NaN,NaN,NaN,NaN,NaN,NaN,NaN,NaN,NaN,NaN,NaN,NaN,NaN,NaN,NaN,NaN,NaN,NaN,NaN,NaN,NaN,NaN,NaN,NaN,NaN,NaN,NaN,NaN,NaN,NaN,NaN,NaN,NaN,NaN,NaN,NaN,NaN,NaN,NaN,NaN,NaN,NaN,NaN,NaN,NaN,NaN,NaN,NaN,NaN,NaN,NaN,NaN,NaN,NaN,NaN,NaN,NaN,NaN,NaN,NaN,NaN,NaN,NaN,NaN,NaN,NaN,NaN,NaN,NaN,NaN
NaN,NaN,NaN,NaN,NaN,NaN,NaN,NaN,NaN,NaN,NaN,NaN,NaN,NaN,NaN,NaN,NaN,NaN,NaN,NaN,NaN,NaN,NaN,NaN,NaN,NaN,NaN,NaN,NaN,NaN,NaN,NaN,NaN,NaN,NaN,NaN,NaN,NaN,NaN,NaN,NaN,NaN,NaN,NaN,NaN,NaN,NaN,NaN,NaN,NaN,NaN,NaN,NaN,NaN,NaN,NaN,NaN,NaN,NaN,NaN,NaN,NaN,NaN,NaN,NaN,NaN,NaN,NaN,NaN,NaN,NaN,NaN,NaN,NaN,NaN,NaN,NaN,NaN,NaN,NaN,NaN,NaN,NaN,NaN,NaN,NaN,NaN,NaN,NaN,NaN,NaN,NaN,NaN,NaN,NaN,NaN,NaN,NaN,NaN
NaN,NaN,NaN,NaN,NaN,NaN,NaN,NaN,NaN,NaN,NaN,NaN,NaN,NaN,NaN,NaN,NaN,NaN,NaN,NaN,NaN,NaN,NaN,NaN,NaN,NaN,NaN,NaN,NaN,NaN,NaN,NaN,NaN,NaN,NaN,NaN,NaN,NaN,NaN,NaN,NaN,NaN,NaN,NaN,NaN,NaN,NaN,NaN,NaN,NaN,NaN,NaN,NaN,NaN,NaN,NaN,NaN,NaN,NaN,NaN,NaN,NaN,NaN,NaN,NaN,NaN,NaN,NaN,NaN,NaN,NaN,NaN,NaN,NaN,NaN,NaN,NaN,NaN,NaN,NaN,NaN,NaN,NaN,NaN,NaN,NaN,NaN,NaN,NaN,NaN,NaN,NaN,NaN,NaN,NaN,NaN,NaN,NaN,NaN
NaN,NaN,NaN,NaN,NaN,NaN,NaN,NaN,NaN,NaN,NaN,NaN,NaN,NaN,NaN,NaN,NaN,NaN,NaN,NaN,NaN,NaN,NaN,NaN,NaN,NaN,NaN,NaN,NaN,NaN,NaN,NaN,NaN,NaN,NaN,NaN,NaN,NaN,NaN,NaN,NaN,NaN,NaN,NaN,NaN,NaN,NaN,NaN,NaN,NaN,NaN,NaN,NaN,NaN,NaN,NaN,NaN,NaN,NaN,NaN,NaN,NaN,NaN,NaN,NaN,NaN,NaN,NaN,NaN,NaN,NaN,NaN,NaN,NaN,NaN,NaN,NaN,NaN,NaN,NaN,NaN,NaN,NaN,NaN,NaN,NaN,NaN,NaN,NaN,NaN,NaN,NaN,NaN,NaN,NaN,NaN,NaN,NaN,NaN
NaN,NaN,NaN,NaN,NaN,NaN,NaN,NaN,NaN,NaN,NaN,NaN,NaN,NaN,NaN,NaN,NaN,NaN,NaN,NaN,NaN,NaN,NaN,NaN,NaN,NaN,NaN,NaN,NaN,NaN,NaN,NaN,NaN,NaN,NaN,NaN,NaN,NaN,NaN,NaN,NaN,NaN,NaN,NaN,NaN,NaN,NaN,NaN,NaN,NaN,NaN,NaN,NaN,NaN,NaN,NaN,NaN,NaN,NaN,NaN,NaN,NaN,NaN,NaN,NaN,NaN,NaN,NaN,NaN,NaN,NaN,NaN,NaN,NaN,NaN,NaN,NaN,NaN,NaN,NaN,NaN,NaN,NaN,NaN,NaN,NaN,NaN,NaN,NaN,NaN,NaN,NaN,NaN,NaN,NaN,NaN,NaN,NaN,NaN
NaN,NaN,NaN,NaN,NaN,NaN,NaN,NaN,NaN,NaN,NaN,NaN,NaN,NaN,NaN,NaN,NaN,NaN,NaN,NaN,NaN,NaN,NaN,NaN,NaN,NaN,NaN,NaN,NaN,NaN,NaN,NaN,NaN,NaN,NaN,NaN,NaN,NaN,NaN,NaN,NaN,NaN,NaN,NaN,NaN,NaN,NaN,NaN,NaN,NaN,NaN,NaN,NaN,NaN,NaN,NaN,NaN,NaN,NaN,NaN,NaN,NaN,NaN,NaN,NaN,NaN,NaN,NaN,NaN,NaN,NaN,NaN,NaN,NaN,NaN,NaN,NaN,NaN,NaN,NaN,NaN,NaN,NaN,NaN,NaN,NaN,NaN,NaN,NaN,NaN,NaN,NaN,NaN,NaN,NaN,NaN,NaN,NaN,NaN
NaN,NaN,NaN,NaN,NaN,NaN,NaN,NaN,NaN,NaN,NaN,NaN,NaN,NaN,NaN,NaN,NaN,NaN,NaN,NaN,NaN,NaN,NaN,NaN,NaN,NaN,NaN,NaN,NaN,NaN,NaN,NaN,NaN,NaN,NaN,NaN,NaN,NaN,NaN,NaN,NaN,NaN,NaN,NaN,NaN,NaN,NaN,NaN,NaN,NaN,NaN,NaN,NaN,NaN,NaN,NaN,NaN,NaN,NaN,NaN,NaN,NaN,NaN,NaN,NaN,NaN,NaN,NaN,NaN,NaN,NaN,NaN,NaN,NaN,NaN,NaN,NaN,NaN,NaN,NaN,NaN,NaN,NaN,NaN,NaN,NaN,NaN,NaN,NaN,NaN,NaN,NaN,NaN,NaN,NaN,NaN,NaN,NaN,NaN
NaN,NaN,NaN,NaN,NaN,NaN,NaN,NaN,NaN,NaN,NaN,NaN,NaN,NaN,NaN,NaN,NaN,NaN,NaN,NaN,NaN,NaN,NaN,NaN,NaN,NaN,NaN,NaN,NaN,NaN,NaN,NaN,NaN,NaN,NaN,NaN,NaN,NaN,NaN,NaN,NaN,NaN,NaN,NaN,NaN,NaN,NaN,NaN,NaN,NaN,NaN,NaN,NaN,NaN,NaN,NaN,NaN,NaN,NaN,NaN,NaN,NaN,NaN,NaN,NaN,NaN,NaN,NaN,NaN,NaN,NaN,NaN,NaN,NaN,NaN,NaN,NaN,NaN,NaN,NaN,NaN,NaN,NaN,NaN,NaN,NaN,NaN,NaN,NaN,NaN,NaN,NaN,NaN,NaN,NaN,NaN,NaN,NaN,NaN
NaN,NaN,NaN,NaN,NaN,NaN,NaN,NaN,NaN,NaN,NaN,NaN,NaN,NaN,NaN,NaN,NaN,NaN,NaN,NaN,NaN,NaN,NaN,NaN,NaN,NaN,NaN,NaN,NaN,NaN,NaN,NaN,NaN,NaN,NaN,NaN,NaN,NaN,NaN,NaN,NaN,NaN,NaN,NaN,NaN,NaN,NaN,NaN,NaN,NaN,NaN,NaN,NaN,NaN,NaN,NaN,NaN,NaN,NaN,NaN,NaN,NaN,NaN,NaN,NaN,NaN,NaN,NaN,NaN,NaN,NaN,NaN,NaN,NaN,NaN,NaN,NaN,NaN,NaN,NaN,NaN,NaN,NaN,NaN,NaN,NaN,NaN,NaN,NaN,NaN,NaN,NaN,NaN,NaN,NaN,NaN,NaN,NaN,NaN
NaN,NaN,NaN,NaN,NaN,NaN,NaN,NaN,NaN,NaN,NaN,NaN,NaN,NaN,NaN,NaN,NaN,NaN,NaN,NaN,NaN,NaN,NaN,NaN,NaN,NaN,NaN,NaN,NaN,NaN,NaN,NaN,NaN,NaN,NaN,NaN,NaN,NaN,NaN,NaN,NaN,NaN,NaN,NaN,NaN,NaN,NaN,NaN,NaN,NaN,NaN,NaN,NaN,NaN,NaN,NaN,NaN,NaN,NaN,NaN,NaN,NaN,NaN,NaN,NaN,NaN,NaN,NaN,NaN,NaN,NaN,NaN,NaN,NaN,NaN,NaN,NaN,NaN,NaN,NaN,NaN,NaN,NaN,NaN,NaN,NaN,NaN,NaN,NaN,NaN,NaN,NaN,NaN,NaN,NaN,NaN,NaN,NaN,NaN
NaN,NaN,NaN,NaN,NaN,NaN,NaN,NaN,NaN,NaN,NaN,NaN,NaN,NaN,NaN,NaN,NaN,NaN,NaN,NaN,NaN,NaN,NaN,NaN,NaN,NaN,NaN,NaN,NaN,NaN,NaN,NaN,NaN,NaN,NaN,NaN,NaN,NaN,NaN,NaN,NaN,NaN,NaN,NaN,NaN,NaN,NaN,NaN,NaN,NaN,NaN,NaN,NaN,NaN,NaN,NaN,NaN,NaN,NaN,NaN,NaN,NaN,NaN,NaN,NaN,NaN,NaN,NaN,NaN,NaN,NaN,NaN,NaN,NaN,NaN,NaN,NaN,NaN,NaN,NaN,NaN,NaN,NaN,NaN,NaN,NaN,NaN,NaN,NaN,NaN,NaN,NaN,NaN,NaN,NaN,NaN,NaN,NaN,NaN
NaN,NaN,NaN,NaN,NaN,NaN,NaN,NaN,NaN,NaN,NaN,NaN,NaN,NaN,NaN,NaN,NaN,NaN,NaN,NaN,NaN,NaN,NaN,NaN,NaN,NaN,NaN,NaN,NaN,NaN,NaN,NaN,NaN,NaN,NaN,NaN,NaN,NaN,NaN,NaN,NaN,NaN,NaN,NaN,NaN,NaN,NaN,NaN,NaN,NaN,NaN,NaN,NaN,NaN,NaN,NaN,NaN,NaN,NaN,NaN,NaN,NaN,NaN,NaN,NaN,NaN,NaN,NaN,NaN,NaN,NaN,NaN,NaN,NaN,NaN,NaN,NaN,NaN,NaN,NaN,NaN,NaN,NaN,NaN,NaN,NaN,NaN,NaN,NaN,NaN,NaN,NaN,NaN,NaN,NaN,NaN,NaN,NaN,NaN
NaN,NaN,NaN,NaN,NaN,NaN,NaN,NaN,NaN,NaN,NaN,NaN,NaN,NaN,NaN,NaN,NaN,NaN,NaN,NaN,NaN,NaN,NaN,NaN,NaN,NaN,NaN,NaN,NaN,NaN,NaN,NaN,NaN,NaN,NaN,NaN,NaN,NaN,NaN,NaN,NaN,NaN,NaN,NaN,NaN,NaN,NaN,NaN,NaN,NaN,NaN,NaN,NaN,NaN,NaN,NaN,NaN,NaN,NaN,NaN,NaN,NaN,NaN,NaN,NaN,NaN,NaN,NaN,NaN,NaN,NaN,NaN,NaN,NaN,NaN,NaN,NaN,NaN,NaN,NaN,NaN,NaN,NaN,NaN,NaN,NaN,NaN,NaN,NaN,NaN,NaN,NaN,NaN,NaN,NaN,NaN,NaN,NaN,NaN
NaN,NaN,NaN,NaN,NaN,NaN,NaN,NaN,NaN,NaN,NaN,NaN,NaN,NaN,NaN,NaN,NaN,NaN,NaN,NaN,NaN,NaN,NaN,NaN,NaN,NaN,NaN,NaN,NaN,NaN,NaN,NaN,NaN,NaN,NaN,NaN,NaN,NaN,NaN,NaN,NaN,NaN,NaN,NaN,NaN,NaN,NaN,NaN,NaN,NaN,NaN,NaN,NaN,NaN,NaN,NaN,NaN,NaN,NaN,NaN,NaN,NaN,NaN,NaN,NaN,NaN,NaN,NaN,NaN,NaN,NaN,NaN,NaN,NaN,NaN,NaN,NaN,NaN,NaN,NaN,NaN,NaN,NaN,NaN,NaN,NaN,NaN,NaN,NaN,NaN,NaN,NaN,NaN,NaN,NaN,NaN,NaN,NaN,NaN
NaN,NaN,NaN,NaN,NaN,NaN,NaN,NaN,NaN,NaN,NaN,NaN,NaN,NaN,NaN,NaN,NaN,NaN,NaN,NaN,NaN,NaN,NaN,NaN,NaN,NaN,NaN,NaN,NaN,NaN,NaN,NaN,NaN,NaN,NaN,NaN,NaN,NaN,NaN,NaN,NaN,NaN,NaN,NaN,NaN,NaN,NaN,NaN,NaN,NaN,NaN,NaN,NaN,NaN,NaN,NaN,NaN,NaN,NaN,NaN,NaN,NaN,NaN,NaN,NaN,NaN,NaN,NaN,NaN,NaN,NaN,NaN,NaN,NaN,NaN,NaN,NaN,NaN,NaN,NaN,NaN,NaN,NaN,NaN,NaN,NaN,NaN,NaN,NaN,NaN,NaN,NaN,NaN,NaN,NaN,NaN,NaN,NaN,NaN
NaN,NaN,NaN,NaN,NaN,NaN,NaN,NaN,NaN,NaN,NaN,NaN,NaN,NaN,NaN,NaN,NaN,NaN,NaN,NaN,NaN,NaN,NaN,NaN,NaN,NaN,NaN,NaN,NaN,NaN,NaN,NaN,NaN,NaN,NaN,NaN,NaN,NaN,NaN,NaN,NaN,NaN,NaN,NaN,NaN,NaN,NaN,NaN,NaN,NaN,NaN,NaN,NaN,NaN,NaN,NaN,NaN,NaN,NaN,NaN,NaN,NaN,NaN,NaN,NaN,NaN,NaN,NaN,NaN,NaN,NaN,NaN,NaN,NaN,NaN,NaN,NaN,NaN,NaN,NaN,NaN,NaN,NaN,NaN,NaN,NaN,NaN,NaN,NaN,NaN,NaN,NaN,NaN,NaN,NaN,NaN,NaN,NaN,NaN
NaN,NaN,NaN,NaN,NaN,NaN,NaN,NaN,NaN,NaN,NaN,NaN,NaN,NaN,NaN,NaN,NaN,NaN,NaN,NaN,NaN,NaN,NaN,NaN,NaN,NaN,NaN,NaN,NaN,NaN,NaN,NaN,NaN,NaN,NaN,NaN,NaN,NaN,NaN,NaN,NaN,NaN,NaN,NaN,NaN,NaN,NaN,NaN,NaN,NaN,NaN,NaN,NaN,NaN,NaN,NaN,NaN,NaN,NaN,NaN,NaN,NaN,NaN,NaN,NaN,NaN,NaN,NaN,NaN,NaN,NaN,NaN,NaN,NaN,NaN,NaN,NaN,NaN,NaN,NaN,NaN,NaN,NaN,NaN,NaN,NaN,NaN,NaN,NaN,NaN,NaN,NaN,NaN,NaN,NaN,NaN,NaN,NaN,NaN
NaN,NaN,NaN,NaN,NaN,NaN,NaN,NaN,NaN,NaN,NaN,NaN,NaN,NaN,NaN,NaN,NaN,NaN,NaN,NaN,NaN,NaN,NaN,NaN,NaN,NaN,NaN,NaN,NaN,NaN,NaN,NaN,NaN,NaN,NaN,NaN,NaN,NaN,NaN,NaN,NaN,NaN,NaN,NaN,-1.93712603620113,-1.93781180598928,-1.93834657415385,-1.93872934939195,-1.93895934950626,-1.939036073673,-1.93895934950626,-1.93872934939195,-1.93834657415385,-1.93781180598928,-1.93712603620113,NaN,NaN,NaN,NaN,NaN,NaN,NaN,NaN,NaN,NaN,NaN,NaN,NaN,NaN,NaN,NaN,NaN,NaN,NaN,NaN,NaN,NaN,NaN,NaN,NaN,NaN,NaN,NaN,NaN,NaN,NaN,NaN,NaN,NaN,NaN,NaN,NaN,NaN,NaN,NaN,NaN,NaN,NaN,NaN
NaN,NaN,NaN,NaN,NaN,NaN,NaN,NaN,NaN,NaN,NaN,NaN,NaN,NaN,NaN,NaN,NaN,NaN,NaN,NaN,NaN,NaN,NaN,NaN,NaN,NaN,NaN,NaN,NaN,NaN,NaN,NaN,NaN,NaN,NaN,NaN,NaN,NaN,NaN,NaN,-1.93717818470725,-1.93847378079483,-1.9396232225647,-1.94062489692994,-1.94147697335232,-1.94217753326731,-1.94272473191759,-1.94311695705981,-1.94335284828618,-1.94343157394472,-1.94335284828618,-1.94311695705981,-1.94272473191759,-1.94217753326731,-1.94147697335232,-1.94062489692994,-1.9396232225647,-1.93847378079483,-1.93717818470725,NaN,NaN,NaN,NaN,NaN,NaN,NaN,NaN,NaN,NaN,NaN,NaN,NaN,NaN,NaN,NaN,NaN,NaN,NaN,NaN,NaN,NaN,NaN,NaN,NaN,NaN,NaN,NaN,NaN,NaN,NaN,NaN,NaN,NaN,NaN,NaN,NaN,NaN,NaN,NaN
NaN,NaN,NaN,NaN,NaN,NaN,NaN,NaN,NaN,NaN,NaN,NaN,NaN,NaN,NaN,NaN,NaN,NaN,NaN,NaN,NaN,NaN,NaN,NaN,NaN,NaN,NaN,NaN,NaN,NaN,NaN,NaN,NaN,NaN,NaN,NaN,NaN,NaN,-1.93829789432468,-1.93990511338416,-1.94137073169269,-1.94269313924554,-1.9438703181931,-1.94489945413584,-1.9457775474395,-1.94650148005539,-1.94706824737538,-1.9474751976821,-1.94772025346651,-1.94780209024328,-1.94772025346651,-1.9474751976821,-1.94706824737538,-1.94650148005539,-1.9457775474395,-1.94489945413584,-1.9438703181931,-1.94269313924554,-1.94137073169269,-1.93990511338416,-1.93829789432468,NaN,NaN,NaN,NaN,NaN,NaN,NaN,NaN,NaN,NaN,NaN,NaN,NaN,NaN,NaN,NaN,NaN,NaN,NaN,NaN,NaN,NaN,NaN,NaN,NaN,NaN,NaN,NaN,NaN,NaN,NaN,NaN,NaN,NaN,NaN,NaN,NaN,NaN
NaN,NaN,NaN,NaN,NaN,NaN,NaN,NaN,NaN,NaN,NaN,NaN,NaN,NaN,NaN,NaN,NaN,NaN,NaN,NaN,NaN,NaN,NaN,NaN,NaN,NaN,NaN,NaN,NaN,NaN,NaN,NaN,NaN,NaN,NaN,NaN,-1.93866082494503,-1.9405758613434,-1.94235514495175,-1.9439980750157,-1.94550281429131,-1.94686666022295,-1.94808607272306,-1.94915681393349,-1.95007415363742,-1.95080307000932,-1.9513372863078,-1.95170269854633,-1.95192084610247,-1.951994461028,-1.95192084610247,-1.95170269854633,-1.9513372863078,-1.95080307000932,-1.95007415363742,-1.94915681393349,-1.94808607272306,-1.94686666022295,-1.94550281429131,-1.9439980750157,-1.94235514495175,-1.9405758613434,-1.93866082494503,NaN,NaN,NaN,NaN,NaN,NaN,NaN,NaN,NaN,NaN,NaN,NaN,NaN,NaN,NaN,NaN,NaN,NaN,NaN,NaN,NaN,NaN,NaN,NaN,NaN,NaN,NaN,NaN,NaN,NaN,NaN,NaN,NaN,NaN,NaN,NaN
NaN,NaN,NaN,NaN,NaN,NaN,NaN,NaN,NaN,NaN,NaN,NaN,NaN,NaN,NaN,NaN,NaN,NaN,NaN,NaN,NaN,NaN,NaN,NaN,NaN,NaN,NaN,NaN,NaN,NaN,NaN,NaN,NaN,NaN,-1.93826327904239,-1.94047865388547,-1.94256398768834,-1.9445204054001,-1.94634751544228,-1.94804384850692,-1.94960657140032,-1.95098511965629,-1.95208844398095,-1.95303594763418,-1.95383671054482,-1.95449092136218,-1.95500004563597,-1.95536428761057,-1.95558218581283,-1.95565447501362,-1.95558218581283,-1.95536428761057,-1.95500004563597,-1.95449092136218,-1.95383671054482,-1.95303594763418,-1.95208844398095,-1.95098511965629,-1.94960657140032,-1.94804384850692,-1.94634751544228,-1.9445204054001,-1.94256398768834,-1.94047865388547,-1.93826327904239,NaN,NaN,NaN,NaN,NaN,NaN,NaN,NaN,NaN,NaN,NaN,NaN,NaN,NaN,NaN,NaN,NaN,NaN,NaN,NaN,NaN,NaN,NaN,NaN,NaN,NaN,NaN,NaN,NaN,NaN,NaN,NaN,NaN,NaN
NaN,NaN,NaN,NaN,NaN,NaN,NaN,NaN,NaN,NaN,NaN,NaN,NaN,NaN,NaN,NaN,NaN,NaN,NaN,NaN,NaN,NaN,NaN,NaN,NaN,NaN,NaN,NaN,NaN,NaN,NaN,NaN,-1.93711314403114,-1.93961983973238,-1.94200036110968,-1.94425792339008,-1.94639465635163,-1.9484114560637,-1.95030420523521,-1.95189494986666,-1.95327824906159,-1.95451517987692,-1.95560597203227,-1.95655078355481,-1.95734994669923,-1.95800342999205,-1.95851162161914,-1.95887468059981,-1.95909235291992,-1.95916502557185,-1.95909235291992,-1.95887468059981,-1.95851162161914,-1.95800342999205,-1.95734994669923,-1.95655078355481,-1.95560597203227,-1.95451517987692,-1.95327824906159,-1.95189494986666,-1.95030420523521,-1.9484114560637,-1.94639465635163,-1.94425792339008,-1.94200036110968,-1.93961983973238,-1.93711314403114,NaN,NaN,NaN,NaN,NaN,NaN,NaN,NaN,NaN,NaN,NaN,NaN,NaN,NaN,NaN,NaN,NaN,NaN,NaN,NaN,NaN,NaN,NaN,NaN,NaN,NaN,NaN,NaN,NaN,NaN,NaN,NaN
NaN,NaN,NaN,NaN,NaN,NaN,NaN,NaN,NaN,NaN,NaN,NaN,NaN,NaN,NaN,NaN,NaN,NaN,NaN,NaN,NaN,NaN,NaN,NaN,NaN,NaN,NaN,NaN,NaN,NaN,NaN,-1.93801339045072,-1.94067836549785,-1.9432230498597,-1.94565245889657,-1.94797048206317,-1.95017994890192,-1.95206988032039,-1.95374318858018,-1.95527060288591,-1.95665227665849,-1.95788596580187,-1.95897565757693,-1.95991807709647,-1.96071576274578,-1.9613685906883,-1.96187591509154,-1.9622378278182,-1.96245530572201,-1.96252803707964,-1.96245530572201,-1.9622378278182,-1.96187591509154,-1.9613685906883,-1.96071576274578,-1.95991807709647,-1.95897565757693,-1.95788596580187,-1.95665227665849,-1.95527060288591,-1.95374318858018,-1.95206988032039,-1.95017994890192,-1.94797048206317,-1.94565245889657,-1.9432230498597,-1.94067836549785,-1.93801339045072,NaN,NaN,NaN,NaN,NaN,NaN,NaN,NaN,NaN,NaN,NaN,NaN,NaN,NaN,NaN,NaN,NaN,NaN,NaN,NaN,NaN,NaN,NaN,NaN,NaN,NaN,NaN,NaN,NaN,NaN,NaN
NaN,NaN,NaN,NaN,NaN,NaN,NaN,NaN,NaN,NaN,NaN,NaN,NaN,NaN,NaN,NaN,NaN,NaN,NaN,NaN,NaN,NaN,NaN,NaN,NaN,NaN,NaN,NaN,NaN,NaN,-1.93861185930442,-1.94143252318812,-1.9441386554318,-1.9467372423665,-1.94923464430942,-1.95151727804978,-1.9534812107301,-1.95529985096094,-1.95697177020244,-1.95849662109279,-1.95987415904281,-1.96110725521616,-1.9621936465776,-1.96313598471013,-1.96393210036171,-1.96458435679654,-1.9650906660855,-1.96545171126714,-1.96566900981697,-1.96574072456549,-1.96566900981697,-1.96545171126714,-1.9650906660855,-1.96458435679654,-1.96393210036171,-1.96313598471013,-1.9621936465776,-1.96110725521616,-1.95987415904281,-1.95849662109279,-1.95697177020244,-1.95529985096094,-1.9534812107301,-1.95151727804978,-1.94923464430942,-1.9467372423665,-1.9441386554318,-1.94143252318812,-1.93861185930442,NaN,NaN,NaN,NaN,NaN,NaN,NaN,NaN,NaN,NaN,NaN,NaN,NaN,NaN,NaN,NaN,NaN,NaN,NaN,NaN,NaN,NaN,NaN,NaN,NaN,NaN,NaN,NaN,NaN,NaN
NaN,NaN,NaN,NaN,NaN,NaN,NaN,NaN,NaN,NaN,NaN,NaN,NaN,NaN,NaN,NaN,NaN,NaN,NaN,NaN,NaN,NaN,NaN,NaN,NaN,NaN,NaN,NaN,NaN,-1.93890979743307,-1.94188249494187,-1.94474562118561,-1.94750838195296,-1.95017998306568,-1.95249594820401,-1.9546064425187,-1.95656764247162,-1.95838315388441,-1.96005138373097,-1.9615738608024,-1.96294946992012,-1.96418007788973,-1.96526537210842,-1.96620567992657,-1.96700038549379,-1.96765204282948,-1.96815754806093,-1.96851766724773,-1.96873481981855,-1.96880605121595,-1.96873481981855,-1.96851766724773,-1.96815754806093,-1.96765204282948,-1.96700038549379,-1.96620567992657,-1.96526537210842,-1.96418007788973,-1.96294946992012,-1.9615738608024,-1.96005138373097,-1.95838315388441,-1.95656764247162,-1.9546064425187,-1.95249594820401,-1.95017998306568,-1.94750838195296,-1.94474562118561,-1.94188249494187,-1.93890979743307,NaN,NaN,NaN,NaN,NaN,NaN,NaN,NaN,NaN,NaN,NaN,NaN,NaN,NaN,NaN,NaN,NaN,NaN,NaN,NaN,NaN,NaN,NaN,NaN,NaN,NaN,NaN,NaN,NaN
NaN,NaN,NaN,NaN,NaN,NaN,NaN,NaN,NaN,NaN,NaN,NaN,NaN,NaN,NaN,NaN,NaN,NaN,NaN,NaN,NaN,NaN,NaN,NaN,NaN,NaN,NaN,NaN,-1.93890895979152,-1.9420293639727,-1.9450437698927,-1.9479636656623,-1.95077521990745,-1.95318703571872,-1.95544081578963,-1.95754771207412,-1.95950713180165,-1.96131911038052,-1.96298570775421,-1.96450538774824,-1.96588012892795,-1.96710861583292,-1.96819220008664,-1.9691303726688,-1.96992449289646,-1.97057244204943,-1.97107743773502,-1.97143884023142,-1.97165463441912,-1.97172760279101,-1.97165463441912,-1.97143884023142,-1.97107743773502,-1.97057244204943,-1.96992449289646,-1.9691303726688,-1.96819220008664,-1.96710861583292,-1.96588012892795,-1.96450538774824,-1.96298570775421,-1.96131911038052,-1.95950713180165,-1.95754771207412,-1.95544081578963,-1.95318703571872,-1.95077521990745,-1.9479636656623,-1.9450437698927,-1.9420293639727,-1.93890895979152,NaN,NaN,NaN,NaN,NaN,NaN,NaN,NaN,NaN,NaN,NaN,NaN,NaN,NaN,NaN,NaN,NaN,NaN,NaN,NaN,NaN,NaN,NaN,NaN,NaN,NaN,NaN,NaN
NaN,NaN,NaN,NaN,NaN,NaN,NaN,NaN,NaN,NaN,NaN,NaN,NaN,NaN,NaN,NaN,NaN,NaN,NaN,NaN,NaN,NaN,NaN,NaN,NaN,NaN,NaN,-1.93860723051576,-1.94187093225558,-1.94503038300957,-1.94809917952629,-1.95104094766357,-1.95358834368941,-1.95598720242038,-1.95823785823829,-1.96034130054417,-1.96229768520161,-1.96410693761239,-1.96577084876364,-1.96728834559234,-1.96866090466045,-1.96988746762573,-1.97096971009679,-1.97190635095499,-1.97269915248071,-1.9733467332056,-1.97385104107634,-1.97421136116672,-1.97442704529316,-1.97449952196357,-1.97442704529316,-1.97421136116672,-1.97385104107634,-1.9733467332056,-1.97269915248071,-1.97190635095499,-1.97096971009679,-1.96988746762573,-1.96866090466045,-1.96728834559234,-1.96577084876364,-1.96410693761239,-1.96229768520161,-1.96034130054417,-1.95823785823829,-1.95598720242038,-1.95358834368941,-1.95104094766357,-1.94809917952629,-1.94503038300957,-1.94187093225558,-1.93860723051576,NaN,NaN,NaN,NaN,NaN,NaN,NaN,NaN,NaN,NaN,NaN,NaN,NaN,NaN,NaN,NaN,NaN,NaN,NaN,NaN,NaN,NaN,NaN,NaN,NaN,NaN,NaN
NaN,NaN,NaN,NaN,NaN,NaN,NaN,NaN,NaN,NaN,NaN,NaN,NaN,NaN,NaN,NaN,NaN,NaN,NaN,NaN,NaN,NaN,NaN,NaN,NaN,NaN,-1.93800926259722,-1.94141224434454,-1.9447106425687,-1.94791973296892,-1.95100931977215,-1.95370161958708,-1.95624542067692,-1.95864054605596,-1.96088834956938,-1.96298857819934,-1.96494225441655,-1.96674932059245,-1.96841031550388,-1.96992581108985,-1.97129597709188,-1.97252113287859,-1.97360141884491,-1.97453738579917,-1.97532896159731,-1.97597622324718,-1.97647959028068,-1.97683921405627,-1.97705481633491,-1.97712680567128,-1.97705481633491,-1.97683921405627,-1.97647959028068,-1.97597622324718,-1.97532896159731,-1.97453738579917,-1.97360141884491,-1.97252113287859,-1.97129597709188,-1.96992581108985,-1.96841031550388,-1.96674932059245,-1.96494225441655,-1.96298857819934,-1.96088834956938,-1.95864054605596,-1.95624542067692,-1.95370161958708,-1.95100931977215,-1.94791973296892,-1.9447106425687,-1.94141224434454,-1.93800926259722,NaN,NaN,NaN,NaN,NaN,NaN,NaN,NaN,NaN,NaN,NaN,NaN,NaN,NaN,NaN,NaN,NaN,NaN,NaN,NaN,NaN,NaN,NaN,NaN,NaN,NaN
NaN,NaN,NaN,NaN,NaN,NaN,NaN,NaN,NaN,NaN,NaN,NaN,NaN,NaN,NaN,NaN,NaN,NaN,NaN,NaN,NaN,NaN,NaN,NaN,NaN,-1.93711837059176,-1.94065752454425,-1.94408968911308,-1.94743116991839,-1.95068179011298,-1.95352765256353,-1.95621687680379,-1.95875733266321,-1.96114873745531,-1.96339382045615,-1.9654909405149,-1.9674425067616,-1.96924706680632,-1.97090514780436,-1.97241872622236,-1.97378733444421,-1.97501037699648,-1.9760895801093,-1.97702411073995,-1.9778144968477,-1.97846156584873,-1.97896430873881,-1.97932287620801,-1.97953841627283,-1.97960990664446,-1.97953841627283,-1.97932287620801,-1.97896430873881,-1.97846156584873,-1.9778144968477,-1.97702411073995,-1.9760895801093,-1.97501037699648,-1.97378733444421,-1.97241872622236,-1.97090514780436,-1.96924706680632,-1.9674425067616,-1.9654909405149,-1.96339382045615,-1.96114873745531,-1.95875733266321,-1.95621687680379,-1.95352765256353,-1.95068179011298,-1.94743116991839,-1.94408968911308,-1.94065752454425,-1.93711837059176,NaN,NaN,NaN,NaN,NaN,NaN,NaN,NaN,NaN,NaN,NaN,NaN,NaN,NaN,NaN,NaN,NaN,NaN,NaN,NaN,NaN,NaN,NaN,NaN,NaN
NaN,NaN,NaN,NaN,NaN,NaN,NaN,NaN,NaN,NaN,NaN,NaN,NaN,NaN,NaN,NaN,NaN,NaN,NaN,NaN,NaN,NaN,NaN,NaN,NaN,-1.93960728299801,-1.94316959923923,-1.94663727548429,-1.95003025510361,-1.9530648001617,-1.95589913997486,-1.95858310580857,-1.9611201414427,-1.96351006053399,-1.96575070647162,-1.96784615875057,-1.96979464540351,-1.9715969024317,-1.97325400890538,-1.97476496288045,-1.97613258199723,-1.97735389424088,-1.97843210885664,-1.97936401514386,-1.98015389081584,-1.9808000534956,-1.98130223163157,-1.98165976749727,-1.98187527679437,-1.98194693573668,-1.98187527679437,-1.98165976749727,-1.98130223163157,-1.9808000534956,-1.98015389081584,-1.97936401514386,-1.97843210885664,-1.97735389424088,-1.97613258199723,-1.97476496288045,-1.97325400890538,-1.9715969024317,-1.96979464540351,-1.96784615875057,-1.96575070647162,-1.96351006053399,-1.9611201414427,-1.95858310580857,-1.95589913997486,-1.9530648001617,-1.95003025510361,-1.94663727548429,-1.94316959923923,-1.93960728299801,NaN,NaN,NaN,NaN,NaN,NaN,NaN,NaN,NaN,NaN,NaN,NaN,NaN,NaN,NaN,NaN,NaN,NaN,NaN,NaN,NaN,NaN,NaN,NaN,NaN
NaN,NaN,NaN,NaN,NaN,NaN,NaN,NaN,NaN,NaN,NaN,NaN,NaN,NaN,NaN,NaN,NaN,NaN,NaN,NaN,NaN,NaN,NaN,NaN,-1.93826795517828,-1.94195863138674,-1.94554847832923,-1.94905733402563,-1.9523128237371,-1.95529312759531,-1.95812436024871,-1.96080592038566,-1.96334040860078,-1.96572571826734,-1.96796530698587,-1.97005678147593,-1.97200440212553,-1.97380466622368,-1.97545755662162,-1.97696762006845,-1.97833281409138,-1.97955264913631,-1.98062933596569,-1.98156192358959,-1.98235014643458,-1.98299592105206,-1.9834972152782,-1.98385521365398,-1.98407070200993,-1.9841411935951,-1.98407070200993,-1.98385521365398,-1.9834972152782,-1.98299592105206,-1.98235014643458,-1.98156192358959,-1.98062933596569,-1.97955264913631,-1.97833281409138,-1.97696762006845,-1.97545755662162,-1.97380466622368,-1.97200440212553,-1.97005678147593,-1.96796530698587,-1.96572571826734,-1.96334040860078,-1.96080592038566,-1.95812436024871,-1.95529312759531,-1.9523128237371,-1.94905733402563,-1.94554847832923,-1.94195863138674,-1.93826795517828,NaN,NaN,NaN,NaN,NaN,NaN,NaN,NaN,NaN,NaN,NaN,NaN,NaN,NaN,NaN,NaN,NaN,NaN,NaN,NaN,NaN,NaN,NaN,NaN
NaN,NaN,NaN,NaN,NaN,NaN,NaN,NaN,NaN,NaN,NaN,NaN,NaN,NaN,NaN,NaN,NaN,NaN,NaN,NaN,NaN,NaN,NaN,NaN,-1.9404614292046,-1.94417194494531,-1.94779277505312,-1.951273405771,-1.95440015827437,-1.95737783627531,-1.96020575616609,-1.96288430223659,-1.96541511217238,-1.96779891429251,-1.97003489596442,-1.97212496328207,-1.97406957724627,-1.97586761544446,-1.97751973313626,-1.97902742283244,-1.98039141530211,-1.98160995199465,-1.98268539681499,-1.98361586348676,-1.98440357203617,-1.98504896178948,-1.98554975514232,-1.98590673021862,-1.98612223225007,-1.9861924094824,-1.98612223225007,-1.98590673021862,-1.98554975514232,-1.98504896178948,-1.98440357203617,-1.98361586348676,-1.98268539681499,-1.98160995199465,-1.98039141530211,-1.97902742283244,-1.97751973313626,-1.97586761544446,-1.97406957724627,-1.97212496328207,-1.97003489596442,-1.96779891429251,-1.96541511217238,-1.96288430223659,-1.96020575616609,-1.95737783627531,-1.95440015827437,-1.951273405771,-1.94779277505312,-1.94417194494531,-1.9404614292046,NaN,NaN,NaN,NaN,NaN,NaN,NaN,NaN,NaN,NaN,NaN,NaN,NaN,NaN,NaN,NaN,NaN,NaN,NaN,NaN,NaN,NaN,NaN,NaN
NaN,NaN,NaN,NaN,NaN,NaN,NaN,NaN,NaN,NaN,NaN,NaN,NaN,NaN,NaN,NaN,NaN,NaN,NaN,NaN,NaN,NaN,NaN,-1.93867817366312,-1.94251038848347,-1.94624268874881,-1.94989699844431,-1.95321733920359,-1.95634105700718,-1.95931532777301,-1.96214009716369,-1.96481616914662,-1.96734452370524,-1.96972550752724,-1.97195946663714,-1.97404713714457,-1.97598878537979,-1.97778498540976,-1.97943625104982,-1.98094255898333,-1.98230410532985,-1.98352231194813,-1.98459567377201,-1.98552635057636,-1.98631320692334,-1.98695633217438,-1.98745665428532,-1.98781431549718,-1.98802854207748,-1.98810023725736,-1.98802854207748,-1.98781431549718,-1.98745665428532,-1.98695633217438,-1.98631320692334,-1.98552635057636,-1.98459567377201,-1.98352231194813,-1.98230410532985,-1.98094255898333,-1.97943625104982,-1.97778498540976,-1.97598878537979,-1.97404713714457,-1.97195946663714,-1.96972550752724,-1.96734452370524,-1.96481616914662,-1.96214009716369,-1.95931532777301,-1.95634105700718,-1.95321733920359,-1.94989699844431,-1.94624268874881,-1.94251038848347,-1.93867817366312,NaN,NaN,NaN,NaN,NaN,NaN,NaN,NaN,NaN,NaN,NaN,NaN,NaN,NaN,NaN,NaN,NaN,NaN,NaN,NaN,NaN,NaN,NaN
NaN,NaN,NaN,NaN,NaN,NaN,NaN,NaN,NaN,NaN,NaN,NaN,NaN,NaN,NaN,NaN,NaN,NaN,NaN,NaN,NaN,NaN,NaN,-1.94057075521716,-1.94441682275346,-1.94817158115746,-1.95174696702175,-1.95501735940812,-1.95813848372844,-1.96110955492295,-1.9639314726937,-1.96660515307398,-1.96913024905916,-1.97150994763345,-1.97374059645892,-1.9758264662003,-1.97776635266375,-1.97956076327302,-1.98121000234698,-1.98271471746624,-1.98407599093273,-1.98529182044502,-1.98636539389043,-1.98729416879226,-1.98808013926789,-1.98872340298581,-1.98922330792175,-1.98957999643866,-1.98979427106502,-1.9898654538809,-1.98979427106502,-1.98957999643866,-1.98922330792175,-1.98872340298581,-1.98808013926789,-1.98729416879226,-1.98636539389043,-1.98529182044502,-1.98407599093273,-1.98271471746624,-1.98121000234698,-1.97956076327302,-1.97776635266375,-1.9758264662003,-1.97374059645892,-1.97150994763345,-1.96913024905916,-1.96660515307398,-1.9639314726937,-1.96110955492295,-1.95813848372844,-1.95501735940812,-1.95174696702175,-1.94817158115746,-1.94441682275346,-1.94057075521716,NaN,NaN,NaN,NaN,NaN,NaN,NaN,NaN,NaN,NaN,NaN,NaN,NaN,NaN,NaN,NaN,NaN,NaN,NaN,NaN,NaN,NaN,NaN
NaN,NaN,NaN,NaN,NaN,NaN,NaN,NaN,NaN,NaN,NaN,NaN,NaN,NaN,NaN,NaN,NaN,NaN,NaN,NaN,NaN,NaN,-1.93835367211789,-1.94231819490402,-1.94617789585266,-1.94995454896063,-1.95340625832602,-1.95667521038397,-1.95979228948666,-1.96276092898614,-1.96558023459155,-1.96825075312195,-1.97077462882991,-1.973150015488,-1.97538064172626,-1.97746383672554,-1.9794017257586,-1.98119440830142,-1.98284249130831,-1.98434628939748,-1.98570478411559,-1.98692088308376,-1.98799226075828,-1.98892139335597,-1.98970677579263,-1.99034785202793,-1.99084739417532,-1.9912044600181,-1.99141748045832,-1.99149036446979,-1.99141748045832,-1.9912044600181,-1.99084739417532,-1.99034785202793,-1.98970677579263,-1.98892139335597,-1.98799226075828,-1.98692088308376,-1.98570478411559,-1.98434628939748,-1.98284249130831,-1.98119440830142,-1.9794017257586,-1.97746383672554,-1.97538064172626,-1.973150015488,-1.97077462882991,-1.96825075312195,-1.96558023459155,-1.96276092898614,-1.95979228948666,-1.95667521038397,-1.95340625832602,-1.94995454896063,-1.94617789585266,-1.94231819490402,-1.93835367211789,NaN,NaN,NaN,NaN,NaN,NaN,NaN,NaN,NaN,NaN,NaN,NaN,NaN,NaN,NaN,NaN,NaN,NaN,NaN,NaN,NaN,NaN
NaN,NaN,NaN,NaN,NaN,NaN,NaN,NaN,NaN,NaN,NaN,NaN,NaN,NaN,NaN,NaN,NaN,NaN,NaN,NaN,NaN,NaN,-1.93994510805199,-1.94391657921963,-1.94778855287246,-1.95150455142512,-1.95491947121908,-1.95818600150676,-1.96130016157157,-1.96426599115436,-1.96708281246643,-1.96975140634194,-1.97227337794503,-1.97464632024786,-1.97687531967847,-1.97895675469779,-1.98089229009047,-1.98268341466722,-1.98433088434152,-1.98583303538756,-1.9871904884968,-1.98840565847279,-1.98947615940548,-1.99040342398817,-1.99118826223239,-1.99182945278004,-1.99232865858308,-1.99268465205266,-1.99289789143329,-1.99297012117335,-1.99289789143329,-1.99268465205266,-1.99232865858308,-1.99182945278004,-1.99118826223239,-1.99040342398817,-1.98947615940548,-1.98840565847279,-1.9871904884968,-1.98583303538756,-1.98433088434152,-1.98268341466722,-1.98089229009047,-1.97895675469779,-1.97687531967847,-1.97464632024786,-1.97227337794503,-1.96975140634194,-1.96708281246643,-1.96426599115436,-1.96130016157157,-1.95818600150676,-1.95491947121908,-1.95150455142512,-1.94778855287246,-1.94391657921963,-1.93994510805199,NaN,NaN,NaN,NaN,NaN,NaN,NaN,NaN,NaN,NaN,NaN,NaN,NaN,NaN,NaN,NaN,NaN,NaN,NaN,NaN,NaN,NaN
NaN,NaN,NaN,NaN,NaN,NaN,NaN,NaN,NaN,NaN,NaN,NaN,NaN,NaN,NaN,NaN,NaN,NaN,NaN,NaN,NaN,-1.93729928809044,-1.94139070433005,-1.9453676054958,-1.94924934291629,-1.95287745625133,-1.95629095087118,-1.9595532541123,-1.96266589808972,-1.96562916971443,-1.96844386691807,-1.97111018760985,-1.97362909249031,-1.97600176116487,-1.97822721622125,-1.98030750539379,-1.98224320670749,-1.98403295312399,-1.98567700522583,-1.98717826424967,-1.98853524205667,-1.989748617583,-1.99081848461603,-1.99174676682701,-1.99253052816891,-1.99317097188664,-1.99366942433601,-1.9940263856699,-1.99423959762909,-1.994311450431,-1.99423959762909,-1.9940263856699,-1.99366942433601,-1.99317097188664,-1.99253052816891,-1.99174676682701,-1.99081848461603,-1.989748617583,-1.98853524205667,-1.98717826424967,-1.98567700522583,-1.98403295312399,-1.98224320670749,-1.98030750539379,-1.97822721622125,-1.97600176116487,-1.97362909249031,-1.97111018760985,-1.96844386691807,-1.96562916971443,-1.96266589808972,-1.9595532541123,-1.95629095087118,-1.95287745625133,-1.94924934291629,-1.9453676054958,-1.94139070433005,-1.93729928809044,NaN,NaN,NaN,NaN,NaN,NaN,NaN,NaN,NaN,NaN,NaN,NaN,NaN,NaN,NaN,NaN,NaN,NaN,NaN,NaN,NaN
NaN,NaN,NaN,NaN,NaN,NaN,NaN,NaN,NaN,NaN,NaN,NaN,NaN,NaN,NaN,NaN,NaN,NaN,NaN,NaN,NaN,-1.93859576799851,-1.94268812074841,-1.94666813105069,-1.95054564402444,-1.95410789116766,-1.95751837200622,-1.96077869122011,-1.96388881725124,-1.96684958562293,-1.96966215966289,-1.97232698878203,-1.97484432392895,-1.97721484319023,-1.97943918180973,-1.98151776617519,-1.98345114860654,-1.98523961567821,-1.98688355353636,-1.98838356206983,-1.98973934205605,-1.99095219700097,-1.9920211035778,-1.99294764141352,-1.99373109883313,-1.99437155717126,-1.99486974012178,-1.99522578013534,-1.99543912156001,-1.99551044679053,-1.99543912156001,-1.99522578013534,-1.99486974012178,-1.99437155717126,-1.99373109883313,-1.99294764141352,-1.9920211035778,-1.99095219700097,-1.98973934205605,-1.98838356206983,-1.98688355353636,-1.98523961567821,-1.98345114860654,-1.98151776617519,-1.97943918180973,-1.97721484319023,-1.97484432392895,-1.97232698878203,-1.96966215966289,-1.96684958562293,-1.96388881725124,-1.96077869122011,-1.95751837200622,-1.95410789116766,-1.95054564402444,-1.94666813105069,-1.94268812074841,-1.93859576799851,NaN,NaN,NaN,NaN,NaN,NaN,NaN,NaN,NaN,NaN,NaN,NaN,NaN,NaN,NaN,NaN,NaN,NaN,NaN,NaN,NaN
NaN,NaN,NaN,NaN,NaN,NaN,NaN,NaN,NaN,NaN,NaN,NaN,NaN,NaN,NaN,NaN,NaN,NaN,NaN,NaN,NaN,-1.93974292717164,-1.94383442888984,-1.94781449783923,-1.95163208684966,-1.95519217441926,-1.95859994850325,-1.96185860127518,-1.96496649692466,-1.96792654520288,-1.97073724904588,-1.97339935011017,-1.97591535936747,-1.97828394687269,-1.98050739237036,-1.98258446347093,-1.98451569812256,-1.98630305759533,-1.98794681410617,-1.98944588176935,-1.99080066179195,-1.99201274132755,-1.99308110869042,-1.99400603469664,-1.99478889818798,-1.9954298055611,-1.99592776781009,-1.99628291486394,-1.99649640885859,-1.9965672092381,-1.99649640885859,-1.99628291486394,-1.99592776781009,-1.9954298055611,-1.99478889818798,-1.99400603469664,-1.99308110869042,-1.99201274132755,-1.99080066179195,-1.98944588176935,-1.98794681410617,-1.98630305759533,-1.98451569812256,-1.98258446347093,-1.98050739237036,-1.97828394687269,-1.97591535936747,-1.97339935011017,-1.97073724904588,-1.96792654520288,-1.96496649692466,-1.96185860127518,-1.95859994850325,-1.95519217441926,-1.95163208684966,-1.94781449783923,-1.94383442888984,-1.93974292717164,NaN,NaN,NaN,NaN,NaN,NaN,NaN,NaN,NaN,NaN,NaN,NaN,NaN,NaN,NaN,NaN,NaN,NaN,NaN,NaN,NaN
NaN,NaN,NaN,NaN,NaN,NaN,NaN,NaN,NaN,NaN,NaN,NaN,NaN,NaN,NaN,NaN,NaN,NaN,NaN,NaN,NaN,-1.94074402350544,-1.94483242531912,-1.94880889470426,-1.95257790027586,-1.95613597802534,-1.95954131831725,-1.96279849672758,-1.96590434686805,-1.96886096176527,-1.97166979373315,-1.97433237327749,-1.97684609153167,-1.97921399259566,-1.98143483118964,-1.98351129380404,-1.98544154082773,-1.98722789242759,-1.98886986862835,-1.99036707890717,-1.9917227962086,-1.99293249573079,-1.99400117992774,-1.99492624433096,-1.99570854933577,-1.99634943449161,-1.99684672476007,-1.99720199047041,-1.99741565007953,-1.99748592694948,-1.99741565007953,-1.99720199047041,-1.99684672476007,-1.99634943449161,-1.99570854933577,-1.99492624433096,-1.99400117992774,-1.99293249573079,-1.9917227962086,-1.99036707890717,-1.98886986862835,-1.98722789242759,-1.98544154082773,-1.98351129380404,-1.98143483118964,-1.97921399259566,-1.97684609153167,-1.97433237327749,-1.97166979373315,-1.96886096176527,-1.96590434686805,-1.96279849672758,-1.95954131831725,-1.95613597802534,-1.95257790027586,-1.94880889470426,-1.94483242531912,-1.94074402350544,NaN,NaN,NaN,NaN,NaN,NaN,NaN,NaN,NaN,NaN,NaN,NaN,NaN,NaN,NaN,NaN,NaN,NaN,NaN,NaN,NaN
NaN,NaN,NaN,NaN,NaN,NaN,NaN,NaN,NaN,NaN,NaN,NaN,NaN,NaN,NaN,NaN,NaN,NaN,NaN,NaN,-1.93738590078088,-1.9415968683441,-1.94567967718904,-1.94964852253581,-1.95337828780129,-1.95693480804538,-1.96033888097214,-1.96359387659594,-1.96669794795927,-1.96965457252066,-1.9724620037131,-1.97512190325889,-1.97763528148035,-1.98000097700919,-1.98222179072961,-1.98429700448069,-1.98622549694116,-1.98801065903579,-1.98965295209547,-1.99114963969134,-1.99250417847128,-1.99371365734002,-1.99478156998172,-1.99570487376916,-1.99648705773124,-1.9971283314667,-1.99762546705235,-1.99797960933323,-1.99819346234212,-1.99826320808077,-1.99819346234212,-1.99797960933323,-1.99762546705235,-1.9971283314667,-1.99648705773124,-1.99570487376916,-1.99478156998172,-1.99371365734002,-1.99250417847128,-1.99114963969134,-1.98965295209547,-1.98801065903579,-1.98622549694116,-1.98429700448069,-1.98222179072961,-1.98000097700919,-1.97763528148035,-1.97512190325889,-1.9724620037131,-1.96965457252066,-1.96669794795927,-1.96359387659594,-1.96033888097214,-1.95693480804538,-1.95337828780129,-1.94964852253581,-1.94567967718904,-1.9415968683441,-1.93738590078088,NaN,NaN,NaN,NaN,NaN,NaN,NaN,NaN,NaN,NaN,NaN,NaN,NaN,NaN,NaN,NaN,NaN,NaN,NaN,NaN
NaN,NaN,NaN,NaN,NaN,NaN,NaN,NaN,NaN,NaN,NaN,NaN,NaN,NaN,NaN,NaN,NaN,NaN,NaN,NaN,-1.93809495502695,-1.94230012170893,-1.94637476044531,-1.95032939590993,-1.95403573157931,-1.95758994628235,-1.9609933004289,-1.96424600541176,-1.96734941320199,-1.97030350426518,-1.97310970783955,-1.97576874319839,-1.97828026615531,-1.980645809005,-1.98286482496241,-1.98493890671492,-1.98686858659323,-1.98865303188857,-1.99029254867783,-1.99178895207912,-1.99314223191766,-1.99435190016288,-1.99541877098051,-1.99634387714834,-1.99712563376617,-1.99776416425088,-1.99826117789599,-1.99861679658114,-1.99882949774057,-1.99890093177707,-1.99882949774057,-1.99861679658114,-1.99826117789599,-1.99776416425088,-1.99712563376617,-1.99634387714834,-1.99541877098051,-1.99435190016288,-1.99314223191766,-1.99178895207912,-1.99029254867783,-1.98865303188857,-1.98686858659323,-1.98493890671492,-1.98286482496241,-1.980645809005,-1.97828026615531,-1.97576874319839,-1.97310970783955,-1.97030350426518,-1.96734941320199,-1.96424600541176,-1.9609933004289,-1.95758994628235,-1.95403573157931,-1.95032939590993,-1.94637476044531,-1.94230012170893,-1.93809495502695,NaN,NaN,NaN,NaN,NaN,NaN,NaN,NaN,NaN,NaN,NaN,NaN,NaN,NaN,NaN,NaN,NaN,NaN,NaN,NaN
NaN,NaN,NaN,NaN,NaN,NaN,NaN,NaN,NaN,NaN,NaN,NaN,NaN,NaN,NaN,NaN,NaN,NaN,NaN,NaN,-1.93865976052035,-1.94285768731925,-1.94692165491629,-1.95084676913918,-1.9545509268156,-1.95810399427008,-1.96150643457912,-1.96475754965503,-1.96785958433725,-1.97081334723604,-1.97361856726844,-1.97627594876909,-1.97878685868626,-1.98115110197738,-1.98336986599882,-1.98544299822097,-1.98737101067039,-1.989154841003,-1.99079480097438,-1.99229079424548,-1.99364319264618,-1.99485264835142,-1.99591907647852,-1.99684273689142,-1.997624104081,-1.99826331024132,-1.99876024427487,-1.9991150289377,-1.99932795712696,-1.99939885838581,-1.99932795712696,-1.9991150289377,-1.99876024427487,-1.99826331024132,-1.997624104081,-1.99684273689142,-1.99591907647852,-1.99485264835142,-1.99364319264618,-1.99229079424548,-1.99079480097438,-1.989154841003,-1.98737101067039,-1.98544299822097,-1.98336986599882,-1.98115110197738,-1.97878685868626,-1.97627594876909,-1.97361856726844,-1.97081334723604,-1.96785958433725,-1.96475754965503,-1.96150643457912,-1.95810399427008,-1.9545509268156,-1.95084676913918,-1.94692165491629,-1.94285768731925,-1.93865976052035,NaN,NaN,NaN,NaN,NaN,NaN,NaN,NaN,NaN,NaN,NaN,NaN,NaN,NaN,NaN,NaN,NaN,NaN,NaN,NaN
NaN,NaN,NaN,NaN,NaN,NaN,NaN,NaN,NaN,NaN,NaN,NaN,NaN,NaN,NaN,NaN,NaN,NaN,NaN,NaN,-1.93907817826483,-1.94326762063125,-1.94731876415894,-1.95122008340867,-1.95492395516484,-1.95847610234771,-1.96187612975042,-1.96512757875492,-1.96822843824096,-1.97118005625409,-1.97398404531643,-1.97664236265177,-1.97915168044532,-1.98151590530285,-1.98373243269697,-1.98580541234597,-1.98773332813706,-1.98951665149327,-1.99115493720231,-1.99265077711689,-1.99400273251836,-1.99521186861278,-1.9962776802692,-1.99720206038461,-1.99798308496691,-1.99862135985762,-1.99911783409149,-1.99947385982791,-1.9996865703391,-1.99975740082414,-1.9996865703391,-1.99947385982791,-1.99911783409149,-1.99862135985762,-1.99798308496691,-1.99720206038461,-1.9962776802692,-1.99521186861278,-1.99400273251836,-1.99265077711689,-1.99115493720231,-1.98951665149327,-1.98773332813706,-1.98580541234597,-1.98373243269697,-1.98151590530285,-1.97915168044532,-1.97664236265177,-1.97398404531643,-1.97118005625409,-1.96822843824096,-1.96512757875492,-1.96187612975042,-1.95847610234771,-1.95492395516484,-1.95122008340867,-1.94731876415894,-1.94326762063125,-1.93907817826483,NaN,NaN,NaN,NaN,NaN,NaN,NaN,NaN,NaN,NaN,NaN,NaN,NaN,NaN,NaN,NaN,NaN,NaN,NaN,NaN
NaN,NaN,NaN,NaN,NaN,NaN,NaN,NaN,NaN,NaN,NaN,NaN,NaN,NaN,NaN,NaN,NaN,NaN,NaN,NaN,-1.93935007307023,-1.9435301058146,-1.94756677510769,-1.95144944434854,-1.95515244783713,-1.95870396959589,-1.96210271513087,-1.96535389602788,-1.96845384746213,-1.97140463623889,-1.97420802547005,-1.97686552467929,-1.97937408699022,-1.98173795341625,-1.98395391069627,-1.9860262156241,-1.98795379469611,-1.98973675801106,-1.99137432766983,-1.9928696957065,-1.99422150207691,-1.99543017114004,-1.99649549112584,-1.99742031005485,-1.99820105528699,-1.9988389277866,-1.99933529506376,-1.99969152097418,-1.99990358564299,-1.99997507951546,-1.99990358564299,-1.99969152097418,-1.99933529506376,-1.9988389277866,-1.99820105528699,-1.99742031005485,-1.99649549112584,-1.99543017114004,-1.99422150207691,-1.9928696957065,-1.99137432766983,-1.98973675801106,-1.98795379469611,-1.9860262156241,-1.98395391069627,-1.98173795341625,-1.97937408699022,-1.97686552467929,-1.97420802547005,-1.97140463623889,-1.96845384746213,-1.96535389602788,-1.96210271513087,-1.95870396959589,-1.95515244783713,-1.95144944434854,-1.94756677510769,-1.9435301058146,-1.93935007307023,NaN,NaN,NaN,NaN,NaN,NaN,NaN,NaN,NaN,NaN,NaN,NaN,NaN,NaN,NaN,NaN,NaN,NaN,NaN,NaN
NaN,NaN,NaN,NaN,NaN,NaN,NaN,NaN,NaN,NaN,NaN,NaN,NaN,NaN,NaN,NaN,NaN,NaN,NaN,NaN,-1.93947953457464,-1.94364964394553,-1.94767083472272,-1.95153843144284,-1.95523991076489,-1.95879001337075,-1.96218986274644,-1.96543857722687,-1.96853859152432,-1.9714906715808,-1.97429368122116,-1.97694819286619,-1.97945816671585,-1.98181968046472,-1.98403783017282,-1.9861096201456,-1.98803545765347,-1.98981778807282,-1.99145703536657,-1.99295146794419,-1.99430351714629,-1.99551133468117,-1.99657733485382,-1.99749957775344,-1.99828043750347,-1.99892010161915,-1.99941649568292,-1.99976976607722,-1.99998348295048,-2.00005358161151,-1.99998348295048,-1.99976976607722,-1.99941649568292,-1.99892010161915,-1.99828043750347,-1.99749957775344,-1.99657733485382,-1.99551133468117,-1.99430351714629,-1.99295146794419,-1.99145703536657,-1.98981778807282,-1.98803545765347,-1.9861096201456,-1.98403783017282,-1.98181968046472,-1.97945816671585,-1.97694819286619,-1.97429368122116,-1.9714906715808,-1.96853859152432,-1.96543857722687,-1.96218986274644,-1.95879001337075,-1.95523991076489,-1.95153843144284,-1.94767083472272,-1.94364964394553,-1.93947953457464,NaN,NaN,NaN,NaN,NaN,NaN,NaN,NaN,NaN,NaN,NaN,NaN,NaN,NaN,NaN,NaN,NaN,NaN,NaN,NaN
NaN,NaN,NaN,NaN,NaN,NaN,NaN,NaN,NaN,NaN,NaN,NaN,NaN,NaN,NaN,NaN,NaN,NaN,NaN,NaN,-1.93946429512912,-1.94362445981013,-1.94762994055961,-1.95148272502032,-1.95518450217374,-1.95873447661446,-1.96213350854491,-1.96538242796683,-1.9684819421019,-1.97143278966746,-1.97423559837855,-1.97689095138392,-1.97939963862713,-1.98176188834684,-1.98397861097869,-1.98605001442511,-1.98797651526702,-1.98975872680407,-1.991397059429,-1.99289163219407,-1.99424301296138,-1.99545122567304,-1.99651680498342,-1.99743968901547,-1.99822037202071,-1.99885903209411,-1.99935548711381,-1.99970988031783,-1.99992280826874,-1.99999346323178,-1.99992280826874,-1.99970988031783,-1.99935548711381,-1.99885903209411,-1.99822037202071,-1.99743968901547,-1.99651680498342,-1.99545122567304,-1.99424301296138,-1.99289163219407,-1.991397059429,-1.98975872680407,-1.98797651526702,-1.98605001442511,-1.98397861097869,-1.98176188834684,-1.97939963862713,-1.97689095138392,-1.97423559837855,-1.97143278966746,-1.9684819421019,-1.96538242796683,-1.96213350854491,-1.95873447661446,-1.95518450217374,-1.95148272502032,-1.94762994055961,-1.94362445981013,-1.93946429512912,NaN,NaN,NaN,NaN,NaN,NaN,NaN,NaN,NaN,NaN,NaN,NaN,NaN,NaN,NaN,NaN,NaN,NaN,NaN,NaN
NaN,NaN,NaN,NaN,NaN,NaN,NaN,NaN,NaN,NaN,NaN,NaN,NaN,NaN,NaN,NaN,NaN,NaN,NaN,NaN,-1.93930513234263,-1.94345584005639,-1.94744617827706,-1.95128442537231,-1.95498519793462,-1.95853531034333,-1.96193376930133,-1.96518314041253,-1.96828237969327,-1.97123359023081,-1.9740359132686,-1.97669141594845,-1.9792002692101,-1.98156215642768,-1.98377857790153,-1.98585036660398,-1.9877760776929,-1.98955830015984,-1.9911962339924,-1.99269065201832,-1.99404261850164,-1.99525015681721,-1.99631545478926,-1.99723898871696,-1.99801955001898,-1.99865833535904,-1.99915436494979,-1.99950930419194,-1.99972225945565,-1.99979271733515,-1.99972225945565,-1.99950930419194,-1.99915436494979,-1.99865833535904,-1.99801955001898,-1.99723898871696,-1.99631545478926,-1.99525015681721,-1.99404261850164,-1.99269065201832,-1.9911962339924,-1.98955830015984,-1.9877760776929,-1.98585036660398,-1.98377857790153,-1.98156215642768,-1.9792002692101,-1.97669141594845,-1.9740359132686,-1.97123359023081,-1.96828237969327,-1.96518314041253,-1.96193376930133,-1.95853531034333,-1.95498519793462,-1.95128442537231,-1.94744617827706,-1.94345584005639,-1.93930513234263,NaN,NaN,NaN,NaN,NaN,NaN,NaN,NaN,NaN,NaN,NaN,NaN,NaN,NaN,NaN,NaN,NaN,NaN,NaN,NaN
NaN,NaN,NaN,NaN,NaN,NaN,NaN,NaN,NaN,NaN,NaN,NaN,NaN,NaN,NaN,NaN,NaN,NaN,NaN,NaN,-1.93900582813815,-1.94314806541067,-1.94712461290215,-1.95094392754724,-1.95464632403866,-1.95819680881706,-1.96159492313045,-1.96484495622685,-1.96794412504647,-1.9708937109488,-1.97369623485151,-1.97635320893995,-1.9788608475162,-1.98122412092398,-1.98343914170572,-1.98551082836248,-1.9874382055572,-1.98922055170811,-1.99085737991606,-1.99235254940353,-1.99370333363733,-1.99491212640771,-1.99597707785598,-1.99690145026091,-1.99768193893903,-1.99831912667473,-1.99881538470957,-1.99917154094534,-1.99938345884355,-1.99945529272227,-1.99938345884355,-1.99917154094534,-1.99881538470957,-1.99831912667473,-1.99768193893903,-1.99690145026091,-1.99597707785598,-1.99491212640771,-1.99370333363733,-1.99235254940353,-1.99085737991606,-1.98922055170811,-1.9874382055572,-1.98551082836248,-1.98343914170572,-1.98122412092398,-1.9788608475162,-1.97635320893995,-1.97369623485151,-1.9708937109488,-1.96794412504647,-1.96484495622685,-1.96159492313045,-1.95819680881706,-1.95464632403866,-1.95094392754724,-1.94712461290215,-1.94314806541067,-1.93900582813815,NaN,NaN,NaN,NaN,NaN,NaN,NaN,NaN,NaN,NaN,NaN,NaN,NaN,NaN,NaN,NaN,NaN,NaN,NaN,NaN
NaN,NaN,NaN,NaN,NaN,NaN,NaN,NaN,NaN,NaN,NaN,NaN,NaN,NaN,NaN,NaN,NaN,NaN,NaN,NaN,-1.9385635808854,-1.94269876573872,-1.94666355504739,-1.95046090031236,-1.95416204765368,-1.9577131559577,-1.96111200308134,-1.96436207653434,-1.96746137933816,-1.97041308030245,-1.97321600260191,-1.97587213646543,-1.97838086144905,-1.98074343674663,-1.98295984419787,-1.98503157876547,-1.98695714191609,-1.98873973234508,-1.99037859124922,-1.99187284297791,-1.99322490908496,-1.99443251317636,-1.99549848908329,-1.99642134794016,-1.99720181225821,-1.99784109903624,-1.99833742452123,-1.99869244134427,-1.99890523903057,-1.99897547352795,-1.99890523903057,-1.99869244134427,-1.99833742452123,-1.99784109903624,-1.99720181225821,-1.99642134794016,-1.99549848908329,-1.99443251317636,-1.99322490908496,-1.99187284297791,-1.99037859124922,-1.98873973234508,-1.98695714191609,-1.98503157876547,-1.98295984419787,-1.98074343674663,-1.97838086144905,-1.97587213646543,-1.97321600260191,-1.97041308030245,-1.96746137933816,-1.96436207653434,-1.96111200308134,-1.9577131559577,-1.95416204765368,-1.95046090031236,-1.94666355504739,-1.94269876573872,-1.9385635808854,NaN,NaN,NaN,NaN,NaN,NaN,NaN,NaN,NaN,NaN,NaN,NaN,NaN,NaN,NaN,NaN,NaN,NaN,NaN,NaN
NaN,NaN,NaN,NaN,NaN,NaN,NaN,NaN,NaN,NaN,NaN,NaN,NaN,NaN,NaN,NaN,NaN,NaN,NaN,NaN,-1.93797953714686,-1.94210942980862,-1.94606503604883,-1.94983804288357,-1.95353651110765,-1.95708748511209,-1.96048779205702,-1.96373741320617,-1.96683789830538,-1.96978917656976,-1.97259269117818,-1.97524906027304,-1.97775813958,-1.98012122699801,-1.98233812637146,-1.9844100442943,-1.98633742805652,-1.98812000419665,-1.98975817848077,-1.99125311698354,-1.99260474967536,-1.99381334441834,-1.99487893510607,-1.99580250274972,-1.99658334766201,-1.99722164304484,-1.99771816815422,-1.99807302435481,-1.99828565391143,-1.998356736902,-1.99828565391143,-1.99807302435481,-1.99771816815422,-1.99722164304484,-1.99658334766201,-1.99580250274972,-1.99487893510607,-1.99381334441834,-1.99260474967536,-1.99125311698354,-1.98975817848077,-1.98812000419665,-1.98633742805652,-1.9844100442943,-1.98233812637146,-1.98012122699801,-1.97775813958,-1.97524906027304,-1.97259269117818,-1.96978917656976,-1.96683789830538,-1.96373741320617,-1.96048779205702,-1.95708748511209,-1.95353651110765,-1.94983804288357,-1.94606503604883,-1.94210942980862,-1.93797953714686,NaN,NaN,NaN,NaN,NaN,NaN,NaN,NaN,NaN,NaN,NaN,NaN,NaN,NaN,NaN,NaN,NaN,NaN,NaN,NaN
NaN,NaN,NaN,NaN,NaN,NaN,NaN,NaN,NaN,NaN,NaN,NaN,NaN,NaN,NaN,NaN,NaN,NaN,NaN,NaN,-1.93725651918715,-1.94138310252214,-1.94533249259934,-1.94909486511551,-1.95276888755547,-1.95632098823013,-1.95972262337338,-1.96297262386421,-1.96607367474034,-1.96902653172196,-1.97183082266637,-1.9744871498214,-1.976997200708,-1.97936042596904,-1.98157848736095,-1.98365072327824,-1.98557819465577,-1.98736091221498,-1.98900032076445,-1.99049578575793,-1.99184732752068,-1.99305648447185,-1.99412226137527,-1.99504495334515,-1.99582624335753,-1.99646521629757,-1.99696197177204,-1.99731615745787,-1.99752916614847,-1.99759972179685,-1.99752916614847,-1.99731615745787,-1.99696197177204,-1.99646521629757,-1.99582624335753,-1.99504495334515,-1.99412226137527,-1.99305648447185,-1.99184732752068,-1.99049578575793,-1.98900032076445,-1.98736091221498,-1.98557819465577,-1.98365072327824,-1.98157848736095,-1.97936042596904,-1.976997200708,-1.9744871498214,-1.97183082266637,-1.96902653172196,-1.96607367474034,-1.96297262386421,-1.95972262337338,-1.95632098823013,-1.95276888755547,-1.94909486511551,-1.94533249259934,-1.94138310252214,-1.93725651918715,NaN,NaN,NaN,NaN,NaN,NaN,NaN,NaN,NaN,NaN,NaN,NaN,NaN,NaN,NaN,NaN,NaN,NaN,NaN,NaN
NaN,NaN,NaN,NaN,NaN,NaN,NaN,NaN,NaN,NaN,NaN,NaN,NaN,NaN,NaN,NaN,NaN,NaN,NaN,NaN,NaN,-1.94051623212317,-1.94446250479281,-1.94821883702321,-1.95185797161471,-1.95541145269441,-1.95881271267305,-1.96206527506083,-1.96516711766803,-1.96812019112414,-1.97092507087826,-1.97358350249472,-1.97609410131241,-1.97845823485314,-1.98067607599302,-1.98274947038775,-1.98467674763446,-1.98646041837992,-1.98809989839161,-1.98959481478626,-1.99094838846364,-1.99215625148099,-1.99322321674484,-1.99414694701171,-1.99492800574222,-1.99556768274045,-1.99606419937288,-1.99641916495843,-1.99663256262591,-1.99670260403698,-1.99663256262591,-1.99641916495843,-1.99606419937288,-1.99556768274045,-1.99492800574222,-1.99414694701171,-1.99322321674484,-1.99215625148099,-1.99094838846364,-1.98959481478626,-1.98809989839161,-1.98646041837992,-1.98467674763446,-1.98274947038775,-1.98067607599302,-1.97845823485314,-1.97609410131241,-1.97358350249472,-1.97092507087826,-1.96812019112414,-1.96516711766803,-1.96206527506083,-1.95881271267305,-1.95541145269441,-1.95185797161471,-1.94821883702321,-1.94446250479281,-1.94051623212317,NaN,NaN,NaN,NaN,NaN,NaN,NaN,NaN,NaN,NaN,NaN,NaN,NaN,NaN,NaN,NaN,NaN,NaN,NaN,NaN,NaN
NaN,NaN,NaN,NaN,NaN,NaN,NaN,NaN,NaN,NaN,NaN,NaN,NaN,NaN,NaN,NaN,NaN,NaN,NaN,NaN,NaN,-1.93950999115577,-1.94345620975517,-1.9472110652771,-1.95080356722117,-1.95435865228432,-1.95776072148892,-1.96101507237733,-1.96411789395005,-1.96707223633389,-1.96987829913076,-1.97253769895723,-1.97504899973584,-1.97741417641947,-1.97963293050237,-1.98170693588778,-1.98363442583767,-1.9854188105478,-1.98705958500086,-1.98855535425102,-1.98990890844172,-1.99111768907743,-1.99218480526238,-1.99310806414743,-1.99388930386949,-1.99452984218576,-1.99502665926861,-1.99538134050579,-1.99559508916289,-1.99566466686466,-1.99559508916289,-1.99538134050579,-1.99502665926861,-1.99452984218576,-1.99388930386949,-1.99310806414743,-1.99218480526238,-1.99111768907743,-1.98990890844172,-1.98855535425102,-1.98705958500086,-1.9854188105478,-1.98363442583767,-1.98170693588778,-1.97963293050237,-1.97741417641947,-1.97504899973584,-1.97253769895723,-1.96987829913076,-1.96707223633389,-1.96411789395005,-1.96101507237733,-1.95776072148892,-1.95435865228432,-1.95080356722117,-1.9472110652771,-1.94345620975517,-1.93950999115577,NaN,NaN,NaN,NaN,NaN,NaN,NaN,NaN,NaN,NaN,NaN,NaN,NaN,NaN,NaN,NaN,NaN,NaN,NaN,NaN,NaN
NaN,NaN,NaN,NaN,NaN,NaN,NaN,NaN,NaN,NaN,NaN,NaN,NaN,NaN,NaN,NaN,NaN,NaN,NaN,NaN,NaN,-1.93836586197109,-1.9423148894662,-1.94607253913793,-1.94962297933415,-1.95316365513305,-1.95656914979918,-1.95982327547998,-1.96292828837985,-1.96588430368723,-1.96869201447021,-1.97135123939214,-1.97386370566389,-1.97623015102326,-1.9784501092546,-1.98052470782014,-1.98245487306208,-1.98423981174933,-1.98588009899521,-1.98737767044357,-1.98873034679633,-1.98994109717279,-1.99100751139527,-1.99193237474953,-1.99271423557384,-1.99335326322753,-1.99385041909495,-1.99420579439728,-1.99441867003634,-1.99448988730843,-1.99441867003634,-1.99420579439728,-1.99385041909495,-1.99335326322753,-1.99271423557384,-1.99193237474953,-1.99100751139527,-1.98994109717279,-1.98873034679633,-1.98737767044357,-1.98588009899521,-1.98423981174933,-1.98245487306208,-1.98052470782014,-1.9784501092546,-1.97623015102326,-1.97386370566389,-1.97135123939214,-1.96869201447021,-1.96588430368723,-1.96292828837985,-1.95982327547998,-1.95656914979918,-1.95316365513305,-1.94962297933415,-1.94607253913793,-1.9423148894662,-1.93836586197109,NaN,NaN,NaN,NaN,NaN,NaN,NaN,NaN,NaN,NaN,NaN,NaN,NaN,NaN,NaN,NaN,NaN,NaN,NaN,NaN,NaN
NaN,NaN,NaN,NaN,NaN,NaN,NaN,NaN,NaN,NaN,NaN,NaN,NaN,NaN,NaN,NaN,NaN,NaN,NaN,NaN,NaN,-1.93707930085942,-1.9410335811613,-1.94479774791284,-1.94835632373982,-1.95182517186539,-1.95523198665268,-1.95848838702785,-1.9615948404057,-1.96455197600835,-1.96736093117851,-1.97002245276729,-1.97253658448373,-1.97490382111876,-1.97712498712733,-1.97920103439082,-1.98113118000811,-1.98291708906053,-1.98455886733062,-1.9860560550207,-1.98741080033664,-1.98862075616101,-1.98968901131675,-1.99061347363032,-1.99139562283838,-1.99203595451528,-1.99253347390837,-1.9928882729664,-1.99310158496721,-1.99317229333665,-1.99310158496721,-1.9928882729664,-1.99253347390837,-1.99203595451528,-1.99139562283838,-1.99061347363032,-1.98968901131675,-1.98862075616101,-1.98741080033664,-1.9860560550207,-1.98455886733062,-1.98291708906053,-1.98113118000811,-1.97920103439082,-1.97712498712733,-1.97490382111876,-1.97253658448373,-1.97002245276729,-1.96736093117851,-1.96455197600835,-1.9615948404057,-1.95848838702785,-1.95523198665268,-1.95182517186539,-1.94835632373982,-1.94479774791284,-1.9410335811613,-1.93707930085942,NaN,NaN,NaN,NaN,NaN,NaN,NaN,NaN,NaN,NaN,NaN,NaN,NaN,NaN,NaN,NaN,NaN,NaN,NaN,NaN,NaN
NaN,NaN,NaN,NaN,NaN,NaN,NaN,NaN,NaN,NaN,NaN,NaN,NaN,NaN,NaN,NaN,NaN,NaN,NaN,NaN,NaN,NaN,-1.93961295416798,-1.94338667782004,-1.94695787849988,-1.95034321012717,-1.95375152581512,-1.95701038082038,-1.96011843742338,-1.96307861233175,-1.96588933648334,-1.96855115184277,-1.97106708217053,-1.97343522288502,-1.9756586716577,-1.9777353135816,-1.97966727240449,-1.98145406921321,-1.98309669236569,-1.98459563833819,-1.9859496037935,-1.98716181579271,-1.98822957701611,-1.98915518747221,-1.98993810407352,-1.99057721190652,-1.99107512045702,-1.99143055076239,-1.9916431088536,-1.99171538785482,-1.9916431088536,-1.99143055076239,-1.99107512045702,-1.99057721190652,-1.98993810407352,-1.98915518747221,-1.98822957701611,-1.98716181579271,-1.9859496037935,-1.98459563833819,-1.98309669236569,-1.98145406921321,-1.97966727240449,-1.9777353135816,-1.9756586716577,-1.97343522288502,-1.97106708217053,-1.96855115184277,-1.96588933648334,-1.96307861233175,-1.96011843742338,-1.95701038082038,-1.95375152581512,-1.95034321012717,-1.94695787849988,-1.94338667782004,-1.93961295416798,NaN,NaN,NaN,NaN,NaN,NaN,NaN,NaN,NaN,NaN,NaN,NaN,NaN,NaN,NaN,NaN,NaN,NaN,NaN,NaN,NaN,NaN
NaN,NaN,NaN,NaN,NaN,NaN,NaN,NaN,NaN,NaN,NaN,NaN,NaN,NaN,NaN,NaN,NaN,NaN,NaN,NaN,NaN,NaN,-1.93805284988786,-1.94183839938533,-1.94542559002503,-1.94879640658768,-1.95213049225576,-1.95539204344769,-1.95850194763874,-1.96146337500182,-1.96427588928681,-1.96694040859396,-1.96945832328018,-1.97182755834666,-1.97405269323084,-1.97613084611104,-1.97806284389126,-1.97985088151953,-1.98149580367017,-1.982994806807,-1.98435028723023,-1.98556272314779,-1.98663190315115,-1.98755697718686,-1.9883402986001,-1.98898070223227,-1.98947903528023,-1.98983405977975,-1.99004695429065,-1.99011886603408,-1.99004695429065,-1.98983405977975,-1.98947903528023,-1.98898070223227,-1.9883402986001,-1.98755697718686,-1.98663190315115,-1.98556272314779,-1.98435028723023,-1.982994806807,-1.98149580367017,-1.97985088151953,-1.97806284389126,-1.97613084611104,-1.97405269323084,-1.97182755834666,-1.96945832328018,-1.96694040859396,-1.96427588928681,-1.96146337500182,-1.95850194763874,-1.95539204344769,-1.95213049225576,-1.94879640658768,-1.94542559002503,-1.94183839938533,-1.93805284988786,NaN,NaN,NaN,NaN,NaN,NaN,NaN,NaN,NaN,NaN,NaN,NaN,NaN,NaN,NaN,NaN,NaN,NaN,NaN,NaN,NaN,NaN
NaN,NaN,NaN,NaN,NaN,NaN,NaN,NaN,NaN,NaN,NaN,NaN,NaN,NaN,NaN,NaN,NaN,NaN,NaN,NaN,NaN,NaN,NaN,-1.94014676047291,-1.94375217073,-1.94714794665347,-1.95036341567657,-1.95362651041224,-1.95673922378863,-1.95970379222509,-1.962518433575,-1.96518395506038,-1.96770303089629,-1.97007533188307,-1.97230111520258,-1.97438063426114,-1.9763157974596,-1.9781051596605,-1.97974922943013,-1.98125044097585,-1.98260665352876,-1.98381993412354,-1.98488934468109,-1.98581659006835,-1.98660035315145,-1.98724085454219,-1.98773920649199,-1.98809549064538,-1.98830885884372,-1.98838028182362,-1.98830885884372,-1.98809549064538,-1.98773920649199,-1.98724085454219,-1.98660035315145,-1.98581659006835,-1.98488934468109,-1.98381993412354,-1.98260665352876,-1.98125044097585,-1.97974922943013,-1.9781051596605,-1.9763157974596,-1.97438063426114,-1.97230111520258,-1.97007533188307,-1.96770303089629,-1.96518395506038,-1.962518433575,-1.95970379222509,-1.95673922378863,-1.95362651041224,-1.95036341567657,-1.94714794665347,-1.94375217073,-1.94014676047291,NaN,NaN,NaN,NaN,NaN,NaN,NaN,NaN,NaN,NaN,NaN,NaN,NaN,NaN,NaN,NaN,NaN,NaN,NaN,NaN,NaN,NaN,NaN
NaN,NaN,NaN,NaN,NaN,NaN,NaN,NaN,NaN,NaN,NaN,NaN,NaN,NaN,NaN,NaN,NaN,NaN,NaN,NaN,NaN,NaN,NaN,-1.93831230790149,-1.94193703231441,-1.94535940283154,-1.94856092245977,-1.95171944672388,-1.95483493482739,-1.95780074806646,-1.96061774434798,-1.96328644373258,-1.96580754236353,-1.96818177270373,-1.9704090666793,-1.97249048262378,-1.97442663390965,-1.97621746521034,-1.97786328149132,-1.97936510981851,-1.98072331097425,-1.98193678803607,-1.98300730345131,-1.98393485080404,-1.98471911804877,-1.98536109291008,-1.98585994423985,-1.98621575422359,-1.98642961516908,-1.98650055202931,-1.98642961516908,-1.98621575422359,-1.98585994423985,-1.98536109291008,-1.98471911804877,-1.98393485080404,-1.98300730345131,-1.98193678803607,-1.98072331097425,-1.97936510981851,-1.97786328149132,-1.97621746521034,-1.97442663390965,-1.97249048262378,-1.9704090666793,-1.96818177270373,-1.96580754236353,-1.96328644373258,-1.96061774434798,-1.95780074806646,-1.95483493482739,-1.95171944672388,-1.94856092245977,-1.94535940283154,-1.94193703231441,-1.93831230790149,NaN,NaN,NaN,NaN,NaN,NaN,NaN,NaN,NaN,NaN,NaN,NaN,NaN,NaN,NaN,NaN,NaN,NaN,NaN,NaN,NaN,NaN,NaN
NaN,NaN,NaN,NaN,NaN,NaN,NaN,NaN,NaN,NaN,NaN,NaN,NaN,NaN,NaN,NaN,NaN,NaN,NaN,NaN,NaN,NaN,NaN,NaN,-1.93997786705635,-1.94342718604948,-1.94666573216148,-1.94968059901816,-1.95278774291283,-1.95575599612746,-1.95857547961334,-1.96124737928975,-1.96376992075323,-1.96614697920823,-1.96837554941942,-1.97045965763406,-1.97239651302748,-1.97418889001555,-1.97583723730724,-1.97733960122189,-1.97869941155842,-1.97991383563094,-1.98098617779299,-1.98191254990361,-1.98269781777921,-1.98334083038127,-1.98384020161686,-1.98419554814009,-1.98440991188246,-1.9844805561052,-1.98440991188246,-1.98419554814009,-1.98384020161686,-1.98334083038127,-1.98269781777921,-1.98191254990361,-1.98098617779299,-1.97991383563094,-1.97869941155842,-1.97733960122189,-1.97583723730724,-1.97418889001555,-1.97239651302748,-1.97045965763406,-1.96837554941942,-1.96614697920823,-1.96376992075323,-1.96124737928975,-1.95857547961334,-1.95575599612746,-1.95278774291283,-1.94968059901816,-1.94666573216148,-1.94342718604948,-1.93997786705635,NaN,NaN,NaN,NaN,NaN,NaN,NaN,NaN,NaN,NaN,NaN,NaN,NaN,NaN,NaN,NaN,NaN,NaN,NaN,NaN,NaN,NaN,NaN,NaN
NaN,NaN,NaN,NaN,NaN,NaN,NaN,NaN,NaN,NaN,NaN,NaN,NaN,NaN,NaN,NaN,NaN,NaN,NaN,NaN,NaN,NaN,NaN,NaN,-1.93786893814429,-1.94134424508614,-1.94461856149772,-1.94767500669276,-1.95059374662527,-1.95356626373739,-1.95638867370236,-1.95906086156218,-1.96158714289577,-1.96396511058521,-1.96619714955765,-1.96828184656051,-1.97022312991155,-1.97201720452838,-1.9736644647037,-1.97516936997643,-1.97652978161532,-1.97774544962359,-1.97881827852944,-1.97974780481801,-1.98053321357534,-1.98117631130681,-1.98167584368608,-1.98203308534695,-1.98224744954297,-1.98231794908935,-1.98224744954297,-1.98203308534695,-1.98167584368608,-1.98117631130681,-1.98053321357534,-1.97974780481801,-1.97881827852944,-1.97774544962359,-1.97652978161532,-1.97516936997643,-1.9736644647037,-1.97201720452838,-1.97022312991155,-1.96828184656051,-1.96619714955765,-1.96396511058521,-1.96158714289577,-1.95906086156218,-1.95638867370236,-1.95356626373739,-1.95059374662527,-1.94767500669276,-1.94461856149772,-1.94134424508614,-1.93786893814429,NaN,NaN,NaN,NaN,NaN,NaN,NaN,NaN,NaN,NaN,NaN,NaN,NaN,NaN,NaN,NaN,NaN,NaN,NaN,NaN,NaN,NaN,NaN,NaN
NaN,NaN,NaN,NaN,NaN,NaN,NaN,NaN,NaN,NaN,NaN,NaN,NaN,NaN,NaN,NaN,NaN,NaN,NaN,NaN,NaN,NaN,NaN,NaN,NaN,-1.93911109167457,-1.94241885990532,-1.94552086034668,-1.948400034094,-1.95123192794755,-1.95405728414392,-1.95673258742052,-1.95926130267726,-1.96164240687632,-1.96387593099294,-1.96596365249694,-1.96790617740532,-1.96970210662346,-1.97135200109247,-1.97285785142619,-1.97421988932405,-1.97543699369321,-1.97651082608273,-1.97744032032226,-1.97822695216181,-1.97887084592622,-1.97937097443722,-1.97972775031496,-1.97994271180158,-1.98001333872589,-1.97994271180158,-1.97972775031496,-1.97937097443722,-1.97887084592622,-1.97822695216181,-1.97744032032226,-1.97651082608273,-1.97543699369321,-1.97421988932405,-1.97285785142619,-1.97135200109247,-1.96970210662346,-1.96790617740532,-1.96596365249694,-1.96387593099294,-1.96164240687632,-1.95926130267726,-1.95673258742052,-1.95405728414392,-1.95123192794755,-1.948400034094,-1.94552086034668,-1.94241885990532,-1.93911109167457,NaN,NaN,NaN,NaN,NaN,NaN,NaN,NaN,NaN,NaN,NaN,NaN,NaN,NaN,NaN,NaN,NaN,NaN,NaN,NaN,NaN,NaN,NaN,NaN,NaN
NaN,NaN,NaN,NaN,NaN,NaN,NaN,NaN,NaN,NaN,NaN,NaN,NaN,NaN,NaN,NaN,NaN,NaN,NaN,NaN,NaN,NaN,NaN,NaN,NaN,-1.93672601671667,-1.94006391094038,-1.94320710742248,-1.94614176865582,-1.94885147964905,-1.95158202380702,-1.95426185251878,-1.95679307976779,-1.95917672507113,-1.96141309175618,-1.96350287259432,-1.96544652673614,-1.96724444743912,-1.96889691422418,-1.97040458784102,-1.97176794317174,-1.97298632604568,-1.97406145370792,-1.97499209603725,-1.97577941869504,-1.97642375165689,-1.97692452077322,-1.97728179929835,-1.97749644646948,-1.97756772193234,-1.97749644646948,-1.97728179929835,-1.97692452077322,-1.97642375165689,-1.97577941869504,-1.97499209603725,-1.97406145370792,-1.97298632604568,-1.97176794317174,-1.97040458784102,-1.96889691422418,-1.96724444743912,-1.96544652673614,-1.96350287259432,-1.96141309175618,-1.95917672507113,-1.95679307976779,-1.95426185251878,-1.95158202380702,-1.94885147964905,-1.94614176865582,-1.94320710742248,-1.94006391094038,-1.93672601671667,NaN,NaN,NaN,NaN,NaN,NaN,NaN,NaN,NaN,NaN,NaN,NaN,NaN,NaN,NaN,NaN,NaN,NaN,NaN,NaN,NaN,NaN,NaN,NaN,NaN
NaN,NaN,NaN,NaN,NaN,NaN,NaN,NaN,NaN,NaN,NaN,NaN,NaN,NaN,NaN,NaN,NaN,NaN,NaN,NaN,NaN,NaN,NaN,NaN,NaN,NaN,-1.93754929898008,-1.94072851563043,-1.94371173232093,-1.94648599059402,-1.94903635543197,-1.95164304655791,-1.95417749171904,-1.95656340182001,-1.95880288970311,-1.96089483024466,-1.96284150926891,-1.96464148965787,-1.9662950372919,-1.96780466609954,-1.969170085777,-1.97038922653419,-1.97146610792707,-1.97239761509532,-1.97318569776998,-1.9738316816145,-1.97433310728146,-1.97469004763318,-1.97490524667537,-1.97497607426674,-1.97490524667537,-1.97469004763318,-1.97433310728146,-1.9738316816145,-1.97318569776998,-1.97239761509532,-1.97146610792707,-1.97038922653419,-1.969170085777,-1.96780466609954,-1.9662950372919,-1.96464148965787,-1.96284150926891,-1.96089483024466,-1.95880288970311,-1.95656340182001,-1.95417749171904,-1.95164304655791,-1.94903635543197,-1.94648599059402,-1.94371173232093,-1.94072851563043,-1.93754929898008,NaN,NaN,NaN,NaN,NaN,NaN,NaN,NaN,NaN,NaN,NaN,NaN,NaN,NaN,NaN,NaN,NaN,NaN,NaN,NaN,NaN,NaN,NaN,NaN,NaN,NaN
NaN,NaN,NaN,NaN,NaN,NaN,NaN,NaN,NaN,NaN,NaN,NaN,NaN,NaN,NaN,NaN,NaN,NaN,NaN,NaN,NaN,NaN,NaN,NaN,NaN,NaN,NaN,-1.93808809415891,-1.94111274162083,-1.94394197230835,-1.94656432012853,-1.94896700322664,-1.95141716658611,-1.95380809165916,-1.95604901157411,-1.95814474888977,-1.96009205150494,-1.96189414819135,-1.96355256898054,-1.96506351456324,-1.96642952936932,-1.9676519770111,-1.96872863660172,-1.96966197604814,-1.97045153840762,-1.97109550768691,-1.97159760602122,-1.9719570334502,-1.97217153269899,-1.97224413830864,-1.97217153269899,-1.9719570334502,-1.97159760602122,-1.97109550768691,-1.97045153840762,-1.96966197604814,-1.96872863660172,-1.9676519770111,-1.96642952936932,-1.96506351456324,-1.96355256898054,-1.96189414819135,-1.96009205150494,-1.95814474888977,-1.95604901157411,-1.95380809165916,-1.95141716658611,-1.94896700322664,-1.94656432012853,-1.94394197230835,-1.94111274162083,-1.93808809415891,NaN,NaN,NaN,NaN,NaN,NaN,NaN,NaN,NaN,NaN,NaN,NaN,NaN,NaN,NaN,NaN,NaN,NaN,NaN,NaN,NaN,NaN,NaN,NaN,NaN,NaN,NaN
NaN,NaN,NaN,NaN,NaN,NaN,NaN,NaN,NaN,NaN,NaN,NaN,NaN,NaN,NaN,NaN,NaN,NaN,NaN,NaN,NaN,NaN,NaN,NaN,NaN,NaN,NaN,NaN,-1.93834465261034,-1.94121960417127,-1.94390162519517,-1.94638115034065,-1.94864797470703,-1.95090609518824,-1.95315052579022,-1.95524879370785,-1.95720001460909,-1.95900440002972,-1.96066372405432,-1.96217688413365,-1.96354570765891,-1.9647686183212,-1.96584773852688,-1.96678157739387,-1.96757203741086,-1.96821778632684,-1.96872060104401,-1.96907975586252,-1.96929483899716,-1.96936701721093,-1.96929483899716,-1.96907975586252,-1.96872060104401,-1.96821778632684,-1.96757203741086,-1.96678157739387,-1.96584773852688,-1.9647686183212,-1.96354570765891,-1.96217688413365,-1.96066372405432,-1.95900440002972,-1.95720001460909,-1.95524879370785,-1.95315052579022,-1.95090609518824,-1.94864797470703,-1.94638115034065,-1.94390162519517,-1.94121960417127,-1.93834465261034,NaN,NaN,NaN,NaN,NaN,NaN,NaN,NaN,NaN,NaN,NaN,NaN,NaN,NaN,NaN,NaN,NaN,NaN,NaN,NaN,NaN,NaN,NaN,NaN,NaN,NaN,NaN,NaN
NaN,NaN,NaN,NaN,NaN,NaN,NaN,NaN,NaN,NaN,NaN,NaN,NaN,NaN,NaN,NaN,NaN,NaN,NaN,NaN,NaN,NaN,NaN,NaN,NaN,NaN,NaN,NaN,NaN,-1.9383186980896,-1.94104909558446,-1.94359071798906,-1.94593606835937,-1.94807765839279,-1.95010485330103,-1.95220573198107,-1.95415931911531,-1.95596663915842,-1.95762795347805,-1.95914337158972,-1.96051341519006,-1.96173845927905,-1.96281878929322,-1.96375443290909,-1.96454581549503,-1.96519321817119,-1.96569652338152,-1.96605579686336,-1.96627146605325,-1.96634322557418,-1.96627146605325,-1.96605579686336,-1.96569652338152,-1.96519321817119,-1.96454581549503,-1.96375443290909,-1.96281878929322,-1.96173845927905,-1.96051341519006,-1.95914337158972,-1.95762795347805,-1.95596663915842,-1.95415931911531,-1.95220573198107,-1.95010485330103,-1.94807765839279,-1.94593606835937,-1.94359071798906,-1.94104909558446,-1.9383186980896,NaN,NaN,NaN,NaN,NaN,NaN,NaN,NaN,NaN,NaN,NaN,NaN,NaN,NaN,NaN,NaN,NaN,NaN,NaN,NaN,NaN,NaN,NaN,NaN,NaN,NaN,NaN,NaN,NaN
NaN,NaN,NaN,NaN,NaN,NaN,NaN,NaN,NaN,NaN,NaN,NaN,NaN,NaN,NaN,NaN,NaN,NaN,NaN,NaN,NaN,NaN,NaN,NaN,NaN,NaN,NaN,NaN,NaN,NaN,-1.9380153261004,-1.94060613245142,-1.94301358286507,-1.94523219833177,-1.94725708549378,-1.94908695647222,-1.95097388623641,-1.9527843798913,-1.95444802538041,-1.95596585083887,-1.9573373487965,-1.95856455676292,-1.95964597191925,-1.96058374326909,-1.96137613117024,-1.96202533616717,-1.96252921910409,-1.96288852378679,-1.96310479507758,-1.9631761532456,-1.96310479507758,-1.96288852378679,-1.96252921910409,-1.96202533616717,-1.96137613117024,-1.96058374326909,-1.95964597191925,-1.95856455676292,-1.9573373487965,-1.95596585083887,-1.95444802538041,-1.9527843798913,-1.95097388623641,-1.94908695647222,-1.94725708549378,-1.94523219833177,-1.94301358286507,-1.94060613245142,-1.9380153261004,NaN,NaN,NaN,NaN,NaN,NaN,NaN,NaN,NaN,NaN,NaN,NaN,NaN,NaN,NaN,NaN,NaN,NaN,NaN,NaN,NaN,NaN,NaN,NaN,NaN,NaN,NaN,NaN,NaN,NaN
NaN,NaN,NaN,NaN,NaN,NaN,NaN,NaN,NaN,NaN,NaN,NaN,NaN,NaN,NaN,NaN,NaN,NaN,NaN,NaN,NaN,NaN,NaN,NaN,NaN,NaN,NaN,NaN,NaN,NaN,NaN,-1.93743317472813,-1.93988859625953,-1.94216678508865,-1.94426405360667,-1.94617776153205,-1.94790626706155,-1.94948103621028,-1.95112137679696,-1.95264165320238,-1.95401592748105,-1.95524405138442,-1.95632846615671,-1.95726650546816,-1.95805998594185,-1.95871094513747,-1.95921587175793,-1.9595747632202,-1.95979164285426,-1.95986313642189,-1.95979164285426,-1.9595747632202,-1.95921587175793,-1.95871094513747,-1.95805998594185,-1.95726650546816,-1.95632846615671,-1.95524405138442,-1.95401592748105,-1.95264165320238,-1.95112137679696,-1.94948103621028,-1.94790626706155,-1.94617776153205,-1.94426405360667,-1.94216678508865,-1.93988859625953,-1.93743317472813,NaN,NaN,NaN,NaN,NaN,NaN,NaN,NaN,NaN,NaN,NaN,NaN,NaN,NaN,NaN,NaN,NaN,NaN,NaN,NaN,NaN,NaN,NaN,NaN,NaN,NaN,NaN,NaN,NaN,NaN,NaN
NaN,NaN,NaN,NaN,NaN,NaN,NaN,NaN,NaN,NaN,NaN,NaN,NaN,NaN,NaN,NaN,NaN,NaN,NaN,NaN,NaN,NaN,NaN,NaN,NaN,NaN,NaN,NaN,NaN,NaN,NaN,NaN,-1.93656902465697,-1.93889212496319,-1.9410441726754,-1.94302312155473,-1.94482791990761,-1.94645865261839,-1.94791678847965,-1.94922052246123,-1.95054521708492,-1.95177680622413,-1.95286103757243,-1.95380205314034,-1.95459741742447,-1.95524671142029,-1.95575231362394,-1.9561142856737,-1.95633058100567,-1.95640300419777,-1.95633058100567,-1.9561142856737,-1.95575231362394,-1.95524671142029,-1.95459741742447,-1.95380205314034,-1.95286103757243,-1.95177680622413,-1.95054521708492,-1.94922052246123,-1.94791678847965,-1.94645865261839,-1.94482791990761,-1.94302312155473,-1.9410441726754,-1.93889212496319,-1.93656902465697,NaN,NaN,NaN,NaN,NaN,NaN,NaN,NaN,NaN,NaN,NaN,NaN,NaN,NaN,NaN,NaN,NaN,NaN,NaN,NaN,NaN,NaN,NaN,NaN,NaN,NaN,NaN,NaN,NaN,NaN,NaN,NaN
NaN,NaN,NaN,NaN,NaN,NaN,NaN,NaN,NaN,NaN,NaN,NaN,NaN,NaN,NaN,NaN,NaN,NaN,NaN,NaN,NaN,NaN,NaN,NaN,NaN,NaN,NaN,NaN,NaN,NaN,NaN,NaN,NaN,NaN,-1.93761695516986,-1.93964419389073,-1.94150552767737,-1.94320078304663,-1.94473119199549,-1.9460989615007,-1.94730754824959,-1.94836167222693,-1.94929154772987,-1.95019066687253,-1.95098721161329,-1.95163842492441,-1.95214493770522,-1.95250681064652,-1.95272374694932,-1.9527961706745,-1.95272374694932,-1.95250681064652,-1.95214493770522,-1.95163842492441,-1.95098721161329,-1.95019066687253,-1.94929154772987,-1.94836167222693,-1.94730754824959,-1.9460989615007,-1.94473119199549,-1.94320078304663,-1.94150552767737,-1.93964419389073,-1.93761695516986,NaN,NaN,NaN,NaN,NaN,NaN,NaN,NaN,NaN,NaN,NaN,NaN,NaN,NaN,NaN,NaN,NaN,NaN,NaN,NaN,NaN,NaN,NaN,NaN,NaN,NaN,NaN,NaN,NaN,NaN,NaN,NaN,NaN,NaN
NaN,NaN,NaN,NaN,NaN,NaN,NaN,NaN,NaN,NaN,NaN,NaN,NaN,NaN,NaN,NaN,NaN,NaN,NaN,NaN,NaN,NaN,NaN,NaN,NaN,NaN,NaN,NaN,NaN,NaN,NaN,NaN,NaN,NaN,NaN,NaN,-1.93795865994687,-1.93970069951274,-1.94128348384106,-1.94270836440928,-1.94397782327969,-1.94509510953577,-1.94606421017452,-1.94688972494956,-1.94757662991056,-1.94812997581483,-1.94855454741966,-1.9488570479031,-1.94904382396233,-1.9491076693169,-1.94904382396233,-1.9488570479031,-1.94855454741966,-1.94812997581483,-1.94757662991056,-1.94688972494956,-1.94606421017452,-1.94509510953577,-1.94397782327969,-1.94270836440928,-1.94128348384106,-1.93970069951274,-1.93795865994687,NaN,NaN,NaN,NaN,NaN,NaN,NaN,NaN,NaN,NaN,NaN,NaN,NaN,NaN,NaN,NaN,NaN,NaN,NaN,NaN,NaN,NaN,NaN,NaN,NaN,NaN,NaN,NaN,NaN,NaN,NaN,NaN,NaN,NaN,NaN,NaN
NaN,NaN,NaN,NaN,NaN,NaN,NaN,NaN,NaN,NaN,NaN,NaN,NaN,NaN,NaN,NaN,NaN,NaN,NaN,NaN,NaN,NaN,NaN,NaN,NaN,NaN,NaN,NaN,NaN,NaN,NaN,NaN,NaN,NaN,NaN,NaN,NaN,NaN,-1.93760001986146,-1.93906540827396,-1.94037804982993,-1.94154013569589,-1.94255418274583,-1.94342341217706,-1.94415115441813,-1.94474078538049,-1.94519550276547,-1.94551809563936,-1.94571073193155,-1.94577478693147,-1.94571073193155,-1.94551809563936,-1.94519550276547,-1.94474078538049,-1.94415115441813,-1.94342341217706,-1.94255418274583,-1.94154013569589,-1.94037804982993,-1.93906540827396,-1.93760001986146,NaN,NaN,NaN,NaN,NaN,NaN,NaN,NaN,NaN,NaN,NaN,NaN,NaN,NaN,NaN,NaN,NaN,NaN,NaN,NaN,NaN,NaN,NaN,NaN,NaN,NaN,NaN,NaN,NaN,NaN,NaN,NaN,NaN,NaN,NaN,NaN,NaN,NaN
NaN,NaN,NaN,NaN,NaN,NaN,NaN,NaN,NaN,NaN,NaN,NaN,NaN,NaN,NaN,NaN,NaN,NaN,NaN,NaN,NaN,NaN,NaN,NaN,NaN,NaN,NaN,NaN,NaN,NaN,NaN,NaN,NaN,NaN,NaN,NaN,NaN,NaN,NaN,NaN,-1.93654382787077,-1.93773692660585,-1.93878226420024,-1.93968190167252,-1.94043804338549,-1.94105291168483,-1.94152859022328,-1.94186687055216,-1.94206923467208,-1.94213658623363,-1.94206923467208,-1.94186687055216,-1.94152859022328,-1.94105291168483,-1.94043804338549,-1.93968190167252,-1.93878226420024,-1.93773692660585,-1.93654382787077,NaN,NaN,NaN,NaN,NaN,NaN,NaN,NaN,NaN,NaN,NaN,NaN,NaN,NaN,NaN,NaN,NaN,NaN,NaN,NaN,NaN,NaN,NaN,NaN,NaN,NaN,NaN,NaN,NaN,NaN,NaN,NaN,NaN,NaN,NaN,NaN,NaN,NaN,NaN,NaN
NaN,NaN,NaN,NaN,NaN,NaN,NaN,NaN,NaN,NaN,NaN,NaN,NaN,NaN,NaN,NaN,NaN,NaN,NaN,NaN,NaN,NaN,NaN,NaN,NaN,NaN,NaN,NaN,NaN,NaN,NaN,NaN,NaN,NaN,NaN,NaN,NaN,NaN,NaN,NaN,NaN,NaN,NaN,NaN,-1.93647424496212,-1.9371062270582,-1.93759610975084,-1.93794508649725,-1.93815408149302,-1.93822367973619,-1.93815408149302,-1.93794508649725,-1.93759610975084,-1.9371062270582,-1.93647424496212,NaN,NaN,NaN,NaN,NaN,NaN,NaN,NaN,NaN,NaN,NaN,NaN,NaN,NaN,NaN,NaN,NaN,NaN,NaN,NaN,NaN,NaN,NaN,NaN,NaN,NaN,NaN,NaN,NaN,NaN,NaN,NaN,NaN,NaN,NaN,NaN,NaN,NaN,NaN,NaN,NaN,NaN,NaN,NaN
NaN,NaN,NaN,NaN,NaN,NaN,NaN,NaN,NaN,NaN,NaN,NaN,NaN,NaN,NaN,NaN,NaN,NaN,NaN,NaN,NaN,NaN,NaN,NaN,NaN,NaN,NaN,NaN,NaN,NaN,NaN,NaN,NaN,NaN,NaN,NaN,NaN,NaN,NaN,NaN,NaN,NaN,NaN,NaN,NaN,NaN,NaN,NaN,NaN,NaN,NaN,NaN,NaN,NaN,NaN,NaN,NaN,NaN,NaN,NaN,NaN,NaN,NaN,NaN,NaN,NaN,NaN,NaN,NaN,NaN,NaN,NaN,NaN,NaN,NaN,NaN,NaN,NaN,NaN,NaN,NaN,NaN,NaN,NaN,NaN,NaN,NaN,NaN,NaN,NaN,NaN,NaN,NaN,NaN,NaN,NaN,NaN,NaN,NaN
NaN,NaN,NaN,NaN,NaN,NaN,NaN,NaN,NaN,NaN,NaN,NaN,NaN,NaN,NaN,NaN,NaN,NaN,NaN,NaN,NaN,NaN,NaN,NaN,NaN,NaN,NaN,NaN,NaN,NaN,NaN,NaN,NaN,NaN,NaN,NaN,NaN,NaN,NaN,NaN,NaN,NaN,NaN,NaN,NaN,NaN,NaN,NaN,NaN,NaN,NaN,NaN,NaN,NaN,NaN,NaN,NaN,NaN,NaN,NaN,NaN,NaN,NaN,NaN,NaN,NaN,NaN,NaN,NaN,NaN,NaN,NaN,NaN,NaN,NaN,NaN,NaN,NaN,NaN,NaN,NaN,NaN,NaN,NaN,NaN,NaN,NaN,NaN,NaN,NaN,NaN,NaN,NaN,NaN,NaN,NaN,NaN,NaN,NaN
NaN,NaN,NaN,NaN,NaN,NaN,NaN,NaN,NaN,NaN,NaN,NaN,NaN,NaN,NaN,NaN,NaN,NaN,NaN,NaN,NaN,NaN,NaN,NaN,NaN,NaN,NaN,NaN,NaN,NaN,NaN,NaN,NaN,NaN,NaN,NaN,NaN,NaN,NaN,NaN,NaN,NaN,NaN,NaN,NaN,NaN,NaN,NaN,NaN,NaN,NaN,NaN,NaN,NaN,NaN,NaN,NaN,NaN,NaN,NaN,NaN,NaN,NaN,NaN,NaN,NaN,NaN,NaN,NaN,NaN,NaN,NaN,NaN,NaN,NaN,NaN,NaN,NaN,NaN,NaN,NaN,NaN,NaN,NaN,NaN,NaN,NaN,NaN,NaN,NaN,NaN,NaN,NaN,NaN,NaN,NaN,NaN,NaN,NaN
NaN,NaN,NaN,NaN,NaN,NaN,NaN,NaN,NaN,NaN,NaN,NaN,NaN,NaN,NaN,NaN,NaN,NaN,NaN,NaN,NaN,NaN,NaN,NaN,NaN,NaN,NaN,NaN,NaN,NaN,NaN,NaN,NaN,NaN,NaN,NaN,NaN,NaN,NaN,NaN,NaN,NaN,NaN,NaN,NaN,NaN,NaN,NaN,NaN,NaN,NaN,NaN,NaN,NaN,NaN,NaN,NaN,NaN,NaN,NaN,NaN,NaN,NaN,NaN,NaN,NaN,NaN,NaN,NaN,NaN,NaN,NaN,NaN,NaN,NaN,NaN,NaN,NaN,NaN,NaN,NaN,NaN,NaN,NaN,NaN,NaN,NaN,NaN,NaN,NaN,NaN,NaN,NaN,NaN,NaN,NaN,NaN,NaN,NaN
NaN,NaN,NaN,NaN,NaN,NaN,NaN,NaN,NaN,NaN,NaN,NaN,NaN,NaN,NaN,NaN,NaN,NaN,NaN,NaN,NaN,NaN,NaN,NaN,NaN,NaN,NaN,NaN,NaN,NaN,NaN,NaN,NaN,NaN,NaN,NaN,NaN,NaN,NaN,NaN,NaN,NaN,NaN,NaN,NaN,NaN,NaN,NaN,NaN,NaN,NaN,NaN,NaN,NaN,NaN,NaN,NaN,NaN,NaN,NaN,NaN,NaN,NaN,NaN,NaN,NaN,NaN,NaN,NaN,NaN,NaN,NaN,NaN,NaN,NaN,NaN,NaN,NaN,NaN,NaN,NaN,NaN,NaN,NaN,NaN,NaN,NaN,NaN,NaN,NaN,NaN,NaN,NaN,NaN,NaN,NaN,NaN,NaN,NaN
NaN,NaN,NaN,NaN,NaN,NaN,NaN,NaN,NaN,NaN,NaN,NaN,NaN,NaN,NaN,NaN,NaN,NaN,NaN,NaN,NaN,NaN,NaN,NaN,NaN,NaN,NaN,NaN,NaN,NaN,NaN,NaN,NaN,NaN,NaN,NaN,NaN,NaN,NaN,NaN,NaN,NaN,NaN,NaN,NaN,NaN,NaN,NaN,NaN,NaN,NaN,NaN,NaN,NaN,NaN,NaN,NaN,NaN,NaN,NaN,NaN,NaN,NaN,NaN,NaN,NaN,NaN,NaN,NaN,NaN,NaN,NaN,NaN,NaN,NaN,NaN,NaN,NaN,NaN,NaN,NaN,NaN,NaN,NaN,NaN,NaN,NaN,NaN,NaN,NaN,NaN,NaN,NaN,NaN,NaN,NaN,NaN,NaN,NaN
NaN,NaN,NaN,NaN,NaN,NaN,NaN,NaN,NaN,NaN,NaN,NaN,NaN,NaN,NaN,NaN,NaN,NaN,NaN,NaN,NaN,NaN,NaN,NaN,NaN,NaN,NaN,NaN,NaN,NaN,NaN,NaN,NaN,NaN,NaN,NaN,NaN,NaN,NaN,NaN,NaN,NaN,NaN,NaN,NaN,NaN,NaN,NaN,NaN,NaN,NaN,NaN,NaN,NaN,NaN,NaN,NaN,NaN,NaN,NaN,NaN,NaN,NaN,NaN,NaN,NaN,NaN,NaN,NaN,NaN,NaN,NaN,NaN,NaN,NaN,NaN,NaN,NaN,NaN,NaN,NaN,NaN,NaN,NaN,NaN,NaN,NaN,NaN,NaN,NaN,NaN,NaN,NaN,NaN,NaN,NaN,NaN,NaN,NaN
NaN,NaN,NaN,NaN,NaN,NaN,NaN,NaN,NaN,NaN,NaN,NaN,NaN,NaN,NaN,NaN,NaN,NaN,NaN,NaN,NaN,NaN,NaN,NaN,NaN,NaN,NaN,NaN,NaN,NaN,NaN,NaN,NaN,NaN,NaN,NaN,NaN,NaN,NaN,NaN,NaN,NaN,NaN,NaN,NaN,NaN,NaN,NaN,NaN,NaN,NaN,NaN,NaN,NaN,NaN,NaN,NaN,NaN,NaN,NaN,NaN,NaN,NaN,NaN,NaN,NaN,NaN,NaN,NaN,NaN,NaN,NaN,NaN,NaN,NaN,NaN,NaN,NaN,NaN,NaN,NaN,NaN,NaN,NaN,NaN,NaN,NaN,NaN,NaN,NaN,NaN,NaN,NaN,NaN,NaN,NaN,NaN,NaN,NaN
NaN,NaN,NaN,NaN,NaN,NaN,NaN,NaN,NaN,NaN,NaN,NaN,NaN,NaN,NaN,NaN,NaN,NaN,NaN,NaN,NaN,NaN,NaN,NaN,NaN,NaN,NaN,NaN,NaN,NaN,NaN,NaN,NaN,NaN,NaN,NaN,NaN,NaN,NaN,NaN,NaN,NaN,NaN,NaN,NaN,NaN,NaN,NaN,NaN,NaN,NaN,NaN,NaN,NaN,NaN,NaN,NaN,NaN,NaN,NaN,NaN,NaN,NaN,NaN,NaN,NaN,NaN,NaN,NaN,NaN,NaN,NaN,NaN,NaN,NaN,NaN,NaN,NaN,NaN,NaN,NaN,NaN,NaN,NaN,NaN,NaN,NaN,NaN,NaN,NaN,NaN,NaN,NaN,NaN,NaN,NaN,NaN,NaN,NaN
NaN,NaN,NaN,NaN,NaN,NaN,NaN,NaN,NaN,NaN,NaN,NaN,NaN,NaN,NaN,NaN,NaN,NaN,NaN,NaN,NaN,NaN,NaN,NaN,NaN,NaN,NaN,NaN,NaN,NaN,NaN,NaN,NaN,NaN,NaN,NaN,NaN,NaN,NaN,NaN,NaN,NaN,NaN,NaN,NaN,NaN,NaN,NaN,NaN,NaN,NaN,NaN,NaN,NaN,NaN,NaN,NaN,NaN,NaN,NaN,NaN,NaN,NaN,NaN,NaN,NaN,NaN,NaN,NaN,NaN,NaN,NaN,NaN,NaN,NaN,NaN,NaN,NaN,NaN,NaN,NaN,NaN,NaN,NaN,NaN,NaN,NaN,NaN,NaN,NaN,NaN,NaN,NaN,NaN,NaN,NaN,NaN,NaN,NaN
NaN,NaN,NaN,NaN,NaN,NaN,NaN,NaN,NaN,NaN,NaN,NaN,NaN,NaN,NaN,NaN,NaN,NaN,NaN,NaN,NaN,NaN,NaN,NaN,NaN,NaN,NaN,NaN,NaN,NaN,NaN,NaN,NaN,NaN,NaN,NaN,NaN,NaN,NaN,NaN,NaN,NaN,NaN,NaN,NaN,NaN,NaN,NaN,NaN,NaN,NaN,NaN,NaN,NaN,NaN,NaN,NaN,NaN,NaN,NaN,NaN,NaN,NaN,NaN,NaN,NaN,NaN,NaN,NaN,NaN,NaN,NaN,NaN,NaN,NaN,NaN,NaN,NaN,NaN,NaN,NaN,NaN,NaN,NaN,NaN,NaN,NaN,NaN,NaN,NaN,NaN,NaN,NaN,NaN,NaN,NaN,NaN,NaN,NaN
NaN,NaN,NaN,NaN,NaN,NaN,NaN,NaN,NaN,NaN,NaN,NaN,NaN,NaN,NaN,NaN,NaN,NaN,NaN,NaN,NaN,NaN,NaN,NaN,NaN,NaN,NaN,NaN,NaN,NaN,NaN,NaN,NaN,NaN,NaN,NaN,NaN,NaN,NaN,NaN,NaN,NaN,NaN,NaN,NaN,NaN,NaN,NaN,NaN,NaN,NaN,NaN,NaN,NaN,NaN,NaN,NaN,NaN,NaN,NaN,NaN,NaN,NaN,NaN,NaN,NaN,NaN,NaN,NaN,NaN,NaN,NaN,NaN,NaN,NaN,NaN,NaN,NaN,NaN,NaN,NaN,NaN,NaN,NaN,NaN,NaN,NaN,NaN,NaN,NaN,NaN,NaN,NaN,NaN,NaN,NaN,NaN,NaN,NaN
NaN,NaN,NaN,NaN,NaN,NaN,NaN,NaN,NaN,NaN,NaN,NaN,NaN,NaN,NaN,NaN,NaN,NaN,NaN,NaN,NaN,NaN,NaN,NaN,NaN,NaN,NaN,NaN,NaN,NaN,NaN,NaN,NaN,NaN,NaN,NaN,NaN,NaN,NaN,NaN,NaN,NaN,NaN,NaN,NaN,NaN,NaN,NaN,NaN,NaN,NaN,NaN,NaN,NaN,NaN,NaN,NaN,NaN,NaN,NaN,NaN,NaN,NaN,NaN,NaN,NaN,NaN,NaN,NaN,NaN,NaN,NaN,NaN,NaN,NaN,NaN,NaN,NaN,NaN,NaN,NaN,NaN,NaN,NaN,NaN,NaN,NaN,NaN,NaN,NaN,NaN,NaN,NaN,NaN,NaN,NaN,NaN,NaN,NaN
NaN,NaN,NaN,NaN,NaN,NaN,NaN,NaN,NaN,NaN,NaN,NaN,NaN,NaN,NaN,NaN,NaN,NaN,NaN,NaN,NaN,NaN,NaN,NaN,NaN,NaN,NaN,NaN,NaN,NaN,NaN,NaN,NaN,NaN,NaN,NaN,NaN,NaN,NaN,NaN,NaN,NaN,NaN,NaN,NaN,NaN,NaN,NaN,NaN,NaN,NaN,NaN,NaN,NaN,NaN,NaN,NaN,NaN,NaN,NaN,NaN,NaN,NaN,NaN,NaN,NaN,NaN,NaN,NaN,NaN,NaN,NaN,NaN,NaN,NaN,NaN,NaN,NaN,NaN,NaN,NaN,NaN,NaN,NaN,NaN,NaN,NaN,NaN,NaN,NaN,NaN,NaN,NaN,NaN,NaN,NaN,NaN,NaN,NaN
NaN,NaN,NaN,NaN,NaN,NaN,NaN,NaN,NaN,NaN,NaN,NaN,NaN,NaN,NaN,NaN,NaN,NaN,NaN,NaN,NaN,NaN,NaN,NaN,NaN,NaN,NaN,NaN,NaN,NaN,NaN,NaN,NaN,NaN,NaN,NaN,NaN,NaN,NaN,NaN,NaN,NaN,NaN,NaN,NaN,NaN,NaN,NaN,NaN,NaN,NaN,NaN,NaN,NaN,NaN,NaN,NaN,NaN,NaN,NaN,NaN,NaN,NaN,NaN,NaN,NaN,NaN,NaN,NaN,NaN,NaN,NaN,NaN,NaN,NaN,NaN,NaN,NaN,NaN,NaN,NaN,NaN,NaN,NaN,NaN,NaN,NaN,NaN,NaN,NaN,NaN,NaN,NaN,NaN,NaN,NaN,NaN,NaN,NaN
NaN,NaN,NaN,NaN,NaN,NaN,NaN,NaN,NaN,NaN,NaN,NaN,NaN,NaN,NaN,NaN,NaN,NaN,NaN,NaN,NaN,NaN,NaN,NaN,NaN,NaN,NaN,NaN,NaN,NaN,NaN,NaN,NaN,NaN,NaN,NaN,NaN,NaN,NaN,NaN,NaN,NaN,NaN,NaN,NaN,NaN,NaN,NaN,NaN,NaN,NaN,NaN,NaN,NaN,NaN,NaN,NaN,NaN,NaN,NaN,NaN,NaN,NaN,NaN,NaN,NaN,NaN,NaN,NaN,NaN,NaN,NaN,NaN,NaN,NaN,NaN,NaN,NaN,NaN,NaN,NaN,NaN,NaN,NaN,NaN,NaN,NaN,NaN,NaN,NaN,NaN,NaN,NaN,NaN,NaN,NaN,NaN,NaN,NaN
NaN,NaN,NaN,NaN,NaN,NaN,NaN,NaN,NaN,NaN,NaN,NaN,NaN,NaN,NaN,NaN,NaN,NaN,NaN,NaN,NaN,NaN,NaN,NaN,NaN,NaN,NaN,NaN,NaN,NaN,NaN,NaN,NaN,NaN,NaN,NaN,NaN,NaN,NaN,NaN,NaN,NaN,NaN,NaN,NaN,NaN,NaN,NaN,NaN,NaN,NaN,NaN,NaN,NaN,NaN,NaN,NaN,NaN,NaN,NaN,NaN,NaN,NaN,NaN,NaN,NaN,NaN,NaN,NaN,NaN,NaN,NaN,NaN,NaN,NaN,NaN,NaN,NaN,NaN,NaN,NaN,NaN,NaN,NaN,NaN,NaN,NaN,NaN,NaN,NaN,NaN,NaN,NaN,NaN,NaN,NaN,NaN,NaN,NaN
NaN,NaN,NaN,NaN,NaN,NaN,NaN,NaN,NaN,NaN,NaN,NaN,NaN,NaN,NaN,NaN,NaN,NaN,NaN,NaN,NaN,NaN,NaN,NaN,NaN,NaN,NaN,NaN,NaN,NaN,NaN,NaN,NaN,NaN,NaN,NaN,NaN,NaN,NaN,NaN,NaN,NaN,NaN,NaN,NaN,NaN,NaN,NaN,NaN,NaN,NaN,NaN,NaN,NaN,NaN,NaN,NaN,NaN,NaN,NaN,NaN,NaN,NaN,NaN,NaN,NaN,NaN,NaN,NaN,NaN,NaN,NaN,NaN,NaN,NaN,NaN,NaN,NaN,NaN,NaN,NaN,NaN,NaN,NaN,NaN,NaN,NaN,NaN,NaN,NaN,NaN,NaN,NaN,NaN,NaN,NaN,NaN,NaN,NaN
NaN,NaN,NaN,NaN,NaN,NaN,NaN,NaN,NaN,NaN,NaN,NaN,NaN,NaN,NaN,NaN,NaN,NaN,NaN,NaN,NaN,NaN,NaN,NaN,NaN,NaN,NaN,NaN,NaN,NaN,NaN,NaN,NaN,NaN,NaN,NaN,NaN,NaN,NaN,NaN,NaN,NaN,NaN,NaN,NaN,NaN,NaN,NaN,NaN,NaN,NaN,NaN,NaN,NaN,NaN,NaN,NaN,NaN,NaN,NaN,NaN,NaN,NaN,NaN,NaN,NaN,NaN,NaN,NaN,NaN,NaN,NaN,NaN,NaN,NaN,NaN,NaN,NaN,NaN,NaN,NaN,NaN,NaN,NaN,NaN,NaN,NaN,NaN,NaN,NaN,NaN,NaN,NaN,NaN,NaN,NaN,NaN,NaN,NaN
NaN,NaN,NaN,NaN,NaN,NaN,NaN,NaN,NaN,NaN,NaN,NaN,NaN,NaN,NaN,NaN,NaN,NaN,NaN,NaN,NaN,NaN,NaN,NaN,NaN,NaN,NaN,NaN,NaN,NaN,NaN,NaN,NaN,NaN,NaN,NaN,NaN,NaN,NaN,NaN,NaN,NaN,NaN,NaN,NaN,NaN,NaN,NaN,NaN,NaN,NaN,NaN,NaN,NaN,NaN,NaN,NaN,NaN,NaN,NaN,NaN,NaN,NaN,NaN,NaN,NaN,NaN,NaN,NaN,NaN,NaN,NaN,NaN,NaN,NaN,NaN,NaN,NaN,NaN,NaN,NaN,NaN,NaN,NaN,NaN,NaN,NaN,NaN,NaN,NaN,NaN,NaN,NaN,NaN,NaN,NaN,NaN,NaN,NaN
