NaN,NaN,NaN,NaN,NaN,NaN,NaN,NaN,NaN,NaN,NaN,NaN,NaN,NaN,NaN,NaN,NaN,NaN,NaN,NaN,NaN,NaN,NaN,NaN,NaN,NaN,NaN,NaN,NaN,NaN,NaN,NaN,NaN,NaN,NaN,NaN,NaN,NaN,NaN,NaN,NaN,NaN,NaN,NaN,NaN,NaN,NaN,NaN,NaN,NaN,NaN,NaN,NaN,NaN,NaN,NaN,NaN,NaN,NaN,NaN,NaN,NaN,NaN,NaN,NaN,NaN,NaN,NaN,NaN,NaN,NaN,NaN,NaN,NaN,NaN,NaN,NaN,NaN,NaN,NaN,NaN,NaN,NaN,NaN,NaN,NaN,NaN,NaN,NaN,NaN,NaN,NaN,NaN,NaN,NaN,NaN,NaN,NaN,NaN
NaN,NaN,NaN,NaN,NaN,NaN,NaN,NaN,NaN,NaN,NaN,NaN,NaN,NaN,NaN,NaN,NaN,NaN,NaN,NaN,NaN,NaN,NaN,NaN,NaN,NaN,NaN,NaN,NaN,NaN,NaN,NaN,NaN,NaN,NaN,NaN,NaN,NaN,NaN,NaN,NaN,NaN,NaN,NaN,NaN,NaN,NaN,NaN,NaN,NaN,NaN,NaN,NaN,NaN,NaN,NaN,NaN,NaN,NaN,NaN,NaN,NaN,NaN,NaN,NaN,NaN,NaN,NaN,NaN,NaN,NaN,NaN,NaN,NaN,NaN,NaN,NaN,NaN,NaN,NaN,NaN,NaN,NaN,NaN,NaN,NaN,NaN,NaN,NaN,NaN,NaN,NaN,NaN,NaN,NaN,NaN,NaN,NaN,NaN
NaN,NaN,NaN,NaN,NaN,NaN,NaN,NaN,NaN,NaN,NaN,NaN,NaN,NaN,NaN,NaN,NaN,NaN,NaN,NaN,NaN,NaN,NaN,NaN,NaN,NaN,NaN,NaN,NaN,NaN,NaN,NaN,NaN,NaN,NaN,NaN,NaN,NaN,NaN,NaN,NaN,NaN,NaN,NaN,NaN,NaN,NaN,NaN,NaN,NaN,NaN,NaN,NaN,NaN,NaN,NaN,NaN,NaN,NaN,NaN,NaN,NaN,NaN,NaN,NaN,NaN,NaN,NaN,NaN,NaN,NaN,NaN,NaN,NaN,NaN,NaN,NaN,NaN,NaN,NaN,NaN,NaN,NaN,NaN,NaN,NaN,NaN,NaN,NaN,NaN,NaN,NaN,NaN,NaN,NaN,NaN,NaN,NaN,NaN
NaN,NaN,NaN,NaN,NaN,NaN,NaN,NaN,NaN,NaN,NaN,NaN,NaN,NaN,NaN,NaN,NaN,NaN,NaN,NaN,NaN,NaN,NaN,NaN,NaN,NaN,NaN,NaN,NaN,NaN,NaN,NaN,NaN,NaN,NaN,NaN,NaN,NaN,NaN,NaN,NaN,NaN,NaN,NaN,NaN,NaN,NaN,NaN,NaN,NaN,NaN,NaN,NaN,NaN,NaN,NaN,NaN,NaN,NaN,NaN,NaN,NaN,NaN,NaN,NaN,NaN,NaN,NaN,NaN,NaN,NaN,NaN,NaN,NaN,NaN,NaN,NaN,NaN,NaN,NaN,NaN,NaN,NaN,NaN,NaN,NaN,NaN,NaN,NaN,NaN,NaN,NaN,NaN,NaN,NaN,NaN,NaN,NaN,NaN
NaN,NaN,NaN,NaN,NaN,NaN,NaN,NaN,NaN,NaN,NaN,NaN,NaN,NaN,NaN,NaN,NaN,NaN,NaN,NaN,NaN,NaN,NaN,NaN,NaN,NaN,NaN,NaN,NaN,NaN,NaN,NaN,NaN,NaN,NaN,NaN,NaN,NaN,NaN,NaN,NaN,NaN,NaN,NaN,NaN,NaN,NaN,NaN,NaN,NaN,NaN,NaN,NaN,NaN,NaN,NaN,NaN,NaN,NaN,NaN,NaN,NaN,NaN,NaN,NaN,NaN,NaN,NaN,NaN,NaN,NaN,NaN,NaN,NaN,NaN,NaN,NaN,NaN,NaN,NaN,NaN,NaN,NaN,NaN,NaN,NaN,NaN,NaN,NaN,NaN,NaN,NaN,NaN,NaN,NaN,NaN,NaN,NaN,NaN
NaN,NaN,NaN,NaN,NaN,NaN,NaN,NaN,NaN,NaN,NaN,NaN,NaN,NaN,NaN,NaN,NaN,NaN,NaN,NaN,NaN,NaN,NaN,NaN,NaN,NaN,NaN,NaN,NaN,NaN,NaN,NaN,NaN,NaN,NaN,NaN,NaN,NaN,NaN,NaN,NaN,NaN,NaN,NaN,NaN,NaN,NaN,NaN,NaN,NaN,NaN,NaN,NaN,NaN,NaN,NaN,NaN,NaN,NaN,NaN,NaN,NaN,NaN,NaN,NaN,NaN,NaN,NaN,NaN,NaN,NaN,NaN,NaN,NaN,NaN,NaN,NaN,NaN,NaN,NaN,NaN,NaN,NaN,NaN,NaN,NaN,NaN,NaN,NaN,NaN,NaN,NaN,NaN,NaN,NaN,NaN,NaN,NaN,NaN
NaN,NaN,NaN,NaN,NaN,NaN,NaN,NaN,NaN,NaN,NaN,NaN,NaN,NaN,NaN,NaN,NaN,NaN,NaN,NaN,NaN,NaN,NaN,NaN,NaN,NaN,NaN,NaN,NaN,NaN,NaN,NaN,NaN,NaN,NaN,NaN,NaN,NaN,NaN,NaN,NaN,NaN,NaN,NaN,NaN,NaN,NaN,NaN,NaN,NaN,NaN,NaN,NaN,NaN,NaN,NaN,NaN,NaN,NaN,NaN,NaN,NaN,NaN,NaN,NaN,NaN,NaN,NaN,NaN,NaN,NaN,NaN,NaN,NaN,NaN,NaN,NaN,NaN,NaN,NaN,NaN,NaN,NaN,NaN,NaN,NaN,NaN,NaN,NaN,NaN,NaN,NaN,NaN,NaN,NaN,NaN,NaN,NaN,NaN
NaN,NaN,NaN,NaN,NaN,NaN,NaN,NaN,NaN,NaN,NaN,NaN,NaN,NaN,NaN,NaN,NaN,NaN,NaN,NaN,NaN,NaN,NaN,NaN,NaN,NaN,NaN,NaN,NaN,NaN,NaN,NaN,NaN,NaN,NaN,NaN,NaN,NaN,NaN,NaN,NaN,NaN,NaN,NaN,NaN,NaN,NaN,NaN,NaN,NaN,NaN,NaN,NaN,NaN,NaN,NaN,NaN,NaN,NaN,NaN,NaN,NaN,NaN,NaN,NaN,NaN,NaN,NaN,NaN,NaN,NaN,NaN,NaN,NaN,NaN,NaN,NaN,NaN,NaN,NaN,NaN,NaN,NaN,NaN,NaN,NaN,NaN,NaN,NaN,NaN,NaN,NaN,NaN,NaN,NaN,NaN,NaN,NaN,NaN
NaN,NaN,NaN,NaN,NaN,NaN,NaN,NaN,NaN,NaN,NaN,NaN,NaN,NaN,NaN,NaN,NaN,NaN,NaN,NaN,NaN,NaN,NaN,NaN,NaN,NaN,NaN,NaN,NaN,NaN,NaN,NaN,NaN,NaN,NaN,NaN,NaN,NaN,NaN,NaN,NaN,NaN,NaN,NaN,NaN,NaN,NaN,NaN,NaN,NaN,NaN,NaN,NaN,NaN,NaN,NaN,NaN,NaN,NaN,NaN,NaN,NaN,NaN,NaN,NaN,NaN,NaN,NaN,NaN,NaN,NaN,NaN,NaN,NaN,NaN,NaN,NaN,NaN,NaN,NaN,NaN,NaN,NaN,NaN,NaN,NaN,NaN,NaN,NaN,NaN,NaN,NaN,NaN,NaN,NaN,NaN,NaN,NaN,NaN
NaN,NaN,NaN,NaN,NaN,NaN,NaN,NaN,NaN,NaN,NaN,NaN,NaN,NaN,NaN,NaN,NaN,NaN,NaN,NaN,NaN,NaN,NaN,NaN,NaN,NaN,NaN,NaN,NaN,NaN,NaN,NaN,NaN,NaN,NaN,NaN,NaN,NaN,NaN,NaN,NaN,NaN,NaN,NaN,NaN,NaN,NaN,NaN,NaN,NaN,NaN,NaN,NaN,NaN,NaN,NaN,NaN,NaN,NaN,NaN,NaN,NaN,NaN,NaN,NaN,NaN,NaN,NaN,NaN,NaN,NaN,NaN,NaN,NaN,NaN,NaN,NaN,NaN,NaN,NaN,NaN,NaN,NaN,NaN,NaN,NaN,NaN,NaN,NaN,NaN,NaN,NaN,NaN,NaN,NaN,NaN,NaN,NaN,NaN
NaN,NaN,NaN,NaN,NaN,NaN,NaN,NaN,NaN,NaN,NaN,NaN,NaN,NaN,NaN,NaN,NaN,NaN,NaN,NaN,NaN,NaN,NaN,NaN,NaN,NaN,NaN,NaN,NaN,NaN,NaN,NaN,NaN,NaN,NaN,NaN,NaN,NaN,NaN,NaN,NaN,NaN,NaN,NaN,NaN,NaN,NaN,NaN,NaN,NaN,NaN,NaN,NaN,NaN,NaN,NaN,NaN,NaN,NaN,NaN,NaN,NaN,NaN,NaN,NaN,NaN,NaN,NaN,NaN,NaN,NaN,NaN,NaN,NaN,NaN,NaN,NaN,NaN,NaN,NaN,NaN,NaN,NaN,NaN,NaN,NaN,NaN,NaN,NaN,NaN,NaN,NaN,NaN,NaN,NaN,NaN,NaN,NaN,NaN
NaN,NaN,NaN,NaN,NaN,NaN,NaN,NaN,NaN,NaN,NaN,NaN,NaN,NaN,NaN,NaN,NaN,NaN,NaN,NaN,NaN,NaN,NaN,NaN,NaN,NaN,NaN,NaN,NaN,NaN,NaN,NaN,NaN,NaN,NaN,NaN,NaN,NaN,NaN,NaN,NaN,NaN,NaN,NaN,NaN,NaN,NaN,NaN,NaN,NaN,NaN,NaN,NaN,NaN,NaN,NaN,NaN,NaN,NaN,NaN,NaN,NaN,NaN,NaN,NaN,NaN,NaN,NaN,NaN,NaN,NaN,NaN,NaN,NaN,NaN,NaN,NaN,NaN,NaN,NaN,NaN,NaN,NaN,NaN,NaN,NaN,NaN,NaN,NaN,NaN,NaN,NaN,NaN,NaN,NaN,NaN,NaN,NaN,NaN
NaN,NaN,NaN,NaN,NaN,NaN,NaN,NaN,NaN,NaN,NaN,NaN,NaN,NaN,NaN,NaN,NaN,NaN,NaN,NaN,NaN,NaN,NaN,NaN,NaN,NaN,NaN,NaN,NaN,NaN,NaN,NaN,NaN,NaN,NaN,NaN,NaN,NaN,NaN,NaN,NaN,NaN,NaN,NaN,NaN,NaN,NaN,NaN,NaN,NaN,NaN,NaN,NaN,NaN,NaN,NaN,NaN,NaN,NaN,NaN,NaN,NaN,NaN,NaN,NaN,NaN,NaN,NaN,NaN,NaN,NaN,NaN,NaN,NaN,NaN,NaN,NaN,NaN,NaN,NaN,NaN,NaN,NaN,NaN,NaN,NaN,NaN,NaN,NaN,NaN,NaN,NaN,NaN,NaN,NaN,NaN,NaN,NaN,NaN
NaN,NaN,NaN,NaN,NaN,NaN,NaN,NaN,NaN,NaN,NaN,NaN,NaN,NaN,NaN,NaN,NaN,NaN,NaN,NaN,NaN,NaN,NaN,NaN,NaN,NaN,NaN,NaN,NaN,NaN,NaN,NaN,NaN,NaN,NaN,NaN,NaN,NaN,NaN,NaN,NaN,NaN,NaN,NaN,NaN,NaN,NaN,NaN,NaN,NaN,NaN,NaN,NaN,NaN,NaN,NaN,NaN,NaN,NaN,NaN,NaN,NaN,NaN,NaN,NaN,NaN,NaN,NaN,NaN,NaN,NaN,NaN,NaN,NaN,NaN,NaN,NaN,NaN,NaN,NaN,NaN,NaN,NaN,NaN,NaN,NaN,NaN,NaN,NaN,NaN,NaN,NaN,NaN,NaN,NaN,NaN,NaN,NaN,NaN
NaN,NaN,NaN,NaN,NaN,NaN,NaN,NaN,NaN,NaN,NaN,NaN,NaN,NaN,NaN,NaN,NaN,NaN,NaN,NaN,NaN,NaN,NaN,NaN,NaN,NaN,NaN,NaN,NaN,NaN,NaN,NaN,NaN,NaN,NaN,NaN,NaN,NaN,NaN,NaN,NaN,NaN,NaN,NaN,NaN,NaN,NaN,NaN,NaN,NaN,NaN,NaN,NaN,NaN,NaN,NaN,NaN,NaN,NaN,NaN,NaN,NaN,NaN,NaN,NaN,NaN,NaN,NaN,NaN,NaN,NaN,NaN,NaN,NaN,NaN,NaN,NaN,NaN,NaN,NaN,NaN,NaN,NaN,NaN,NaN,NaN,NaN,NaN,NaN,NaN,NaN,NaN,NaN,NaN,NaN,NaN,NaN,NaN,NaN
NaN,NaN,NaN,NaN,NaN,NaN,NaN,NaN,NaN,NaN,NaN,NaN,NaN,NaN,NaN,NaN,NaN,NaN,NaN,NaN,NaN,NaN,NaN,NaN,NaN,NaN,NaN,NaN,NaN,NaN,NaN,NaN,NaN,NaN,NaN,NaN,NaN,NaN,NaN,NaN,NaN,NaN,NaN,NaN,NaN,NaN,NaN,NaN,NaN,NaN,NaN,NaN,NaN,NaN,NaN,NaN,NaN,NaN,NaN,NaN,NaN,NaN,NaN,NaN,NaN,NaN,NaN,NaN,NaN,NaN,NaN,NaN,NaN,NaN,NaN,NaN,NaN,NaN,NaN,NaN,NaN,NaN,NaN,NaN,NaN,NaN,NaN,NaN,NaN,NaN,NaN,NaN,NaN,NaN,NaN,NaN,NaN,NaN,NaN
NaN,NaN,NaN,NaN,NaN,NaN,NaN,NaN,NaN,NaN,NaN,NaN,NaN,NaN,NaN,NaN,NaN,NaN,NaN,NaN,NaN,NaN,NaN,NaN,NaN,NaN,NaN,NaN,NaN,NaN,NaN,NaN,NaN,NaN,NaN,NaN,NaN,NaN,NaN,NaN,NaN,NaN,NaN,NaN,NaN,NaN,NaN,NaN,NaN,NaN,NaN,NaN,NaN,NaN,NaN,NaN,NaN,NaN,NaN,NaN,NaN,NaN,NaN,NaN,NaN,NaN,NaN,NaN,NaN,NaN,NaN,NaN,NaN,NaN,NaN,NaN,NaN,NaN,NaN,NaN,NaN,NaN,NaN,NaN,NaN,NaN,NaN,NaN,NaN,NaN,NaN,NaN,NaN,NaN,NaN,NaN,NaN,NaN,NaN
NaN,NaN,NaN,NaN,NaN,NaN,NaN,NaN,NaN,NaN,NaN,NaN,NaN,NaN,NaN,NaN,NaN,NaN,NaN,NaN,NaN,NaN,NaN,NaN,NaN,NaN,NaN,NaN,NaN,NaN,NaN,NaN,NaN,NaN,NaN,NaN,NaN,NaN,NaN,NaN,NaN,NaN,NaN,NaN,NaN,NaN,NaN,NaN,NaN,NaN,NaN,NaN,NaN,NaN,NaN,NaN,NaN,NaN,NaN,NaN,NaN,NaN,NaN,NaN,NaN,NaN,NaN,NaN,NaN,NaN,NaN,NaN,NaN,NaN,NaN,NaN,NaN,NaN,NaN,NaN,NaN,NaN,NaN,NaN,NaN,NaN,NaN,NaN,NaN,NaN,NaN,NaN,NaN,NaN,NaN,NaN,NaN,NaN,NaN
NaN,NaN,NaN,NaN,NaN,NaN,NaN,NaN,NaN,NaN,NaN,NaN,NaN,NaN,NaN,NaN,NaN,NaN,NaN,NaN,NaN,NaN,NaN,NaN,NaN,NaN,NaN,NaN,NaN,NaN,NaN,NaN,NaN,NaN,NaN,NaN,NaN,NaN,NaN,NaN,NaN,NaN,NaN,NaN,NaN,NaN,NaN,NaN,NaN,NaN,NaN,NaN,NaN,NaN,NaN,NaN,NaN,NaN,NaN,NaN,NaN,NaN,NaN,NaN,NaN,NaN,NaN,NaN,NaN,NaN,NaN,NaN,NaN,NaN,NaN,NaN,NaN,NaN,NaN,NaN,NaN,NaN,NaN,NaN,NaN,NaN,NaN,NaN,NaN,NaN,NaN,NaN,NaN,NaN,NaN,NaN,NaN,NaN,NaN
NaN,NaN,NaN,NaN,NaN,NaN,NaN,NaN,NaN,NaN,NaN,NaN,NaN,NaN,NaN,NaN,NaN,NaN,NaN,NaN,NaN,NaN,NaN,NaN,NaN,NaN,NaN,NaN,NaN,NaN,NaN,NaN,NaN,NaN,NaN,NaN,NaN,NaN,NaN,NaN,NaN,NaN,NaN,NaN,NaN,NaN,NaN,NaN,NaN,NaN,NaN,NaN,NaN,NaN,NaN,NaN,NaN,NaN,NaN,NaN,NaN,NaN,NaN,NaN,NaN,NaN,NaN,NaN,NaN,NaN,NaN,NaN,NaN,NaN,NaN,NaN,NaN,NaN,NaN,NaN,NaN,NaN,NaN,NaN,NaN,NaN,NaN,NaN,NaN,NaN,NaN,NaN,NaN,NaN,NaN,NaN,NaN,NaN,NaN
NaN,NaN,NaN,NaN,NaN,NaN,NaN,NaN,NaN,NaN,NaN,NaN,NaN,NaN,NaN,NaN,NaN,NaN,NaN,NaN,NaN,NaN,NaN,NaN,NaN,NaN,NaN,NaN,NaN,NaN,NaN,NaN,NaN,NaN,NaN,NaN,NaN,NaN,NaN,NaN,NaN,NaN,NaN,NaN,-1.93702601978306,-1.93770353861007,-1.93823142378833,-1.93860901761227,-1.9388357981971,-1.9389114302562,-1.9388357981971,-1.93860901761227,-1.93823142378833,-1.93770353861007,-1.93702601978306,NaN,NaN,NaN,NaN,NaN,NaN,NaN,NaN,NaN,NaN,NaN,NaN,NaN,NaN,NaN,NaN,NaN,NaN,NaN,NaN,NaN,NaN,NaN,NaN,NaN,NaN,NaN,NaN,NaN,NaN,NaN,NaN,NaN,NaN,NaN,NaN,NaN,NaN,NaN,NaN,NaN,NaN,NaN,NaN
NaN,NaN,NaN,NaN,NaN,NaN,NaN,NaN,NaN,NaN,NaN,NaN,NaN,NaN,NaN,NaN,NaN,NaN,NaN,NaN,NaN,NaN,NaN,NaN,NaN,NaN,NaN,NaN,NaN,NaN,NaN,NaN,NaN,NaN,NaN,NaN,NaN,NaN,NaN,NaN,-1.93708066210514,-1.93836052566238,-1.93949400021621,-1.94048003613821,-1.94131741992846,-1.94200486463982,-1.94254112166063,-1.9429250915843,-1.94315585340559,-1.94323283913844,-1.94315585340559,-1.9429250915843,-1.94254112166063,-1.94200486463982,-1.94131741992846,-1.94048003613821,-1.93949400021621,-1.93836052566238,-1.93708066210514,NaN,NaN,NaN,NaN,NaN,NaN,NaN,NaN,NaN,NaN,NaN,NaN,NaN,NaN,NaN,NaN,NaN,NaN,NaN,NaN,NaN,NaN,NaN,NaN,NaN,NaN,NaN,NaN,NaN,NaN,NaN,NaN,NaN,NaN,NaN,NaN,NaN,NaN,NaN,NaN
NaN,NaN,NaN,NaN,NaN,NaN,NaN,NaN,NaN,NaN,NaN,NaN,NaN,NaN,NaN,NaN,NaN,NaN,NaN,NaN,NaN,NaN,NaN,NaN,NaN,NaN,NaN,NaN,NaN,NaN,NaN,NaN,NaN,NaN,NaN,NaN,NaN,NaN,-1.93819011049072,-1.93977555971649,-1.94121772325211,-1.94251557731207,-1.94366777973746,-1.94467245679471,-1.94552757440494,-1.9462310016361,-1.94678067382379,-1.94717476166892,-1.94741182809019,-1.94749095539119,-1.94741182809019,-1.94717476166892,-1.94678067382379,-1.9462310016361,-1.94552757440494,-1.94467245679471,-1.94366777973746,-1.94251557731207,-1.94121772325211,-1.93977555971649,-1.93819011049072,NaN,NaN,NaN,NaN,NaN,NaN,NaN,NaN,NaN,NaN,NaN,NaN,NaN,NaN,NaN,NaN,NaN,NaN,NaN,NaN,NaN,NaN,NaN,NaN,NaN,NaN,NaN,NaN,NaN,NaN,NaN,NaN,NaN,NaN,NaN,NaN,NaN,NaN
NaN,NaN,NaN,NaN,NaN,NaN,NaN,NaN,NaN,NaN,NaN,NaN,NaN,NaN,NaN,NaN,NaN,NaN,NaN,NaN,NaN,NaN,NaN,NaN,NaN,NaN,NaN,NaN,NaN,NaN,NaN,NaN,NaN,NaN,NaN,NaN,-1.93855286454092,-1.94044132649679,-1.94219046842892,-1.94379997608,-1.94526869866219,-1.94659485803351,-1.94777607002592,-1.948809434638,-1.94969170491614,-1.9504195061273,-1.95097029250748,-1.95134590063006,-1.95156415816903,-1.95163688642179,-1.95156415816903,-1.95134590063006,-1.95097029250748,-1.9504195061273,-1.94969170491614,-1.948809434638,-1.94777607002592,-1.94659485803351,-1.94526869866219,-1.94379997608,-1.94219046842892,-1.94044132649679,-1.93855286454092,NaN,NaN,NaN,NaN,NaN,NaN,NaN,NaN,NaN,NaN,NaN,NaN,NaN,NaN,NaN,NaN,NaN,NaN,NaN,NaN,NaN,NaN,NaN,NaN,NaN,NaN,NaN,NaN,NaN,NaN,NaN,NaN,NaN,NaN,NaN,NaN
NaN,NaN,NaN,NaN,NaN,NaN,NaN,NaN,NaN,NaN,NaN,NaN,NaN,NaN,NaN,NaN,NaN,NaN,NaN,NaN,NaN,NaN,NaN,NaN,NaN,NaN,NaN,NaN,NaN,NaN,NaN,NaN,NaN,NaN,-1.93816359053382,-1.94035003193574,-1.94240097287875,-1.94431732851311,-1.9460990057259,-1.94774512848507,-1.94925385127606,-1.95061912580993,-1.95174229160559,-1.95268820426158,-1.95348768583112,-1.95414232035011,-1.95465086708895,-1.9550134626349,-1.95523152508158,-1.9553037632483,-1.95523152508158,-1.9550134626349,-1.95465086708895,-1.95414232035011,-1.95348768583112,-1.95268820426158,-1.95174229160559,-1.95061912580993,-1.94925385127606,-1.94774512848507,-1.9460990057259,-1.94431732851311,-1.94240097287875,-1.94035003193574,-1.93816359053382,NaN,NaN,NaN,NaN,NaN,NaN,NaN,NaN,NaN,NaN,NaN,NaN,NaN,NaN,NaN,NaN,NaN,NaN,NaN,NaN,NaN,NaN,NaN,NaN,NaN,NaN,NaN,NaN,NaN,NaN,NaN,NaN,NaN,NaN
NaN,NaN,NaN,NaN,NaN,NaN,NaN,NaN,NaN,NaN,NaN,NaN,NaN,NaN,NaN,NaN,NaN,NaN,NaN,NaN,NaN,NaN,NaN,NaN,NaN,NaN,NaN,NaN,NaN,NaN,NaN,NaN,-1.93702876800109,-1.93950718107246,-1.94185256601323,-1.94406733650548,-1.94615318232205,-1.948110937753,-1.94994038426359,-1.95156083056361,-1.95294166136384,-1.95417753573508,-1.95526636368331,-1.95621083136675,-1.95700872013025,-1.9576622019721,-1.9581697783205,-1.95853172779065,-1.95874953405928,-1.95882136282226,-1.95874953405928,-1.95853172779065,-1.9581697783205,-1.9576622019721,-1.95700872013025,-1.95621083136675,-1.95526636368331,-1.95417753573508,-1.95294166136384,-1.95156083056361,-1.94994038426359,-1.948110937753,-1.94615318232205,-1.94406733650548,-1.94185256601323,-1.93950718107246,-1.93702876800109,NaN,NaN,NaN,NaN,NaN,NaN,NaN,NaN,NaN,NaN,NaN,NaN,NaN,NaN,NaN,NaN,NaN,NaN,NaN,NaN,NaN,NaN,NaN,NaN,NaN,NaN,NaN,NaN,NaN,NaN,NaN,NaN
NaN,NaN,NaN,NaN,NaN,NaN,NaN,NaN,NaN,NaN,NaN,NaN,NaN,NaN,NaN,NaN,NaN,NaN,NaN,NaN,NaN,NaN,NaN,NaN,NaN,NaN,NaN,NaN,NaN,NaN,NaN,-1.93792394248847,-1.94055661107022,-1.94306028230767,-1.94543865550726,-1.94769470957928,-1.94983067266977,-1.95174619114325,-1.95341871437848,-1.95494439724774,-1.95632333810217,-1.95755615666629,-1.95864473329787,-1.95958596063185,-1.96038284289056,-1.96103551609681,-1.96154227313234,-1.96190296450432,-1.96212032338927,-1.96219303012167,-1.96212032338927,-1.96190296450432,-1.96154227313234,-1.96103551609681,-1.96038284289056,-1.95958596063185,-1.95864473329787,-1.95755615666629,-1.95632333810217,-1.95494439724774,-1.95341871437848,-1.95174619114325,-1.94983067266977,-1.94769470957928,-1.94543865550726,-1.94306028230767,-1.94055661107022,-1.93792394248847,NaN,NaN,NaN,NaN,NaN,NaN,NaN,NaN,NaN,NaN,NaN,NaN,NaN,NaN,NaN,NaN,NaN,NaN,NaN,NaN,NaN,NaN,NaN,NaN,NaN,NaN,NaN,NaN,NaN,NaN,NaN
NaN,NaN,NaN,NaN,NaN,NaN,NaN,NaN,NaN,NaN,NaN,NaN,NaN,NaN,NaN,NaN,NaN,NaN,NaN,NaN,NaN,NaN,NaN,NaN,NaN,NaN,NaN,NaN,NaN,NaN,-1.9385194575645,-1.94130465705434,-1.94396478385387,-1.94650496895501,-1.94892996548928,-1.95120529399645,-1.95316856694134,-1.95498444285169,-1.95665570418951,-1.95817871575273,-1.95955404491413,-1.96078603874225,-1.96187101585873,-1.96281249766637,-1.96360742289023,-1.96425885648665,-1.96476467760752,-1.96512533540646,-1.96534270230188,-1.96541371389546,-1.96534270230188,-1.96512533540646,-1.96476467760752,-1.96425885648665,-1.96360742289023,-1.96281249766637,-1.96187101585873,-1.96078603874225,-1.95955404491413,-1.95817871575273,-1.95665570418951,-1.95498444285169,-1.95316856694134,-1.95120529399645,-1.94892996548928,-1.94650496895501,-1.94396478385387,-1.94130465705434,-1.9385194575645,NaN,NaN,NaN,NaN,NaN,NaN,NaN,NaN,NaN,NaN,NaN,NaN,NaN,NaN,NaN,NaN,NaN,NaN,NaN,NaN,NaN,NaN,NaN,NaN,NaN,NaN,NaN,NaN,NaN,NaN
NaN,NaN,NaN,NaN,NaN,NaN,NaN,NaN,NaN,NaN,NaN,NaN,NaN,NaN,NaN,NaN,NaN,NaN,NaN,NaN,NaN,NaN,NaN,NaN,NaN,NaN,NaN,NaN,NaN,-1.93881787957214,-1.94175315070496,-1.9445667008103,-1.94726526134977,-1.94985563282864,-1.95219504639965,-1.95430321662847,-1.95626281605125,-1.95807636294116,-1.95974332272191,-1.96126409617132,-1.96263828276083,-1.96386711325962,-1.96495172101751,-1.96589023302357,-1.96668439664058,-1.96733532932877,-1.96784034684518,-1.96819953164148,-1.96841655080979,-1.968488359911,-1.96841655080979,-1.96819953164148,-1.96784034684518,-1.96733532932877,-1.96668439664058,-1.96589023302357,-1.96495172101751,-1.96386711325962,-1.96263828276083,-1.96126409617132,-1.95974332272191,-1.95807636294116,-1.95626281605125,-1.95430321662847,-1.95219504639965,-1.94985563282864,-1.94726526134977,-1.9445667008103,-1.94175315070496,-1.93881787957214,NaN,NaN,NaN,NaN,NaN,NaN,NaN,NaN,NaN,NaN,NaN,NaN,NaN,NaN,NaN,NaN,NaN,NaN,NaN,NaN,NaN,NaN,NaN,NaN,NaN,NaN,NaN,NaN,NaN
NaN,NaN,NaN,NaN,NaN,NaN,NaN,NaN,NaN,NaN,NaN,NaN,NaN,NaN,NaN,NaN,NaN,NaN,NaN,NaN,NaN,NaN,NaN,NaN,NaN,NaN,NaN,NaN,-1.9388216396327,-1.94190406504404,-1.9448671317312,-1.94771920154288,-1.95046922534994,-1.95289844631139,-1.95515052299412,-1.95725480602989,-1.95921243548285,-1.96102223150178,-1.96268704605412,-1.96420525768729,-1.9655781164991,-1.96680556895893,-1.96788739123772,-1.96882536950967,-1.96961850563296,-1.9702663875766,-1.97077063807535,-1.97113139000082,-1.97134720163628,-1.97141964740743,-1.97134720163628,-1.97113139000082,-1.97077063807535,-1.9702663875766,-1.96961850563296,-1.96882536950967,-1.96788739123772,-1.96680556895893,-1.9655781164991,-1.96420525768729,-1.96268704605412,-1.96102223150178,-1.95921243548285,-1.95725480602989,-1.95515052299412,-1.95289844631139,-1.95046922534994,-1.94771920154288,-1.9448671317312,-1.94190406504404,-1.9388216396327,NaN,NaN,NaN,NaN,NaN,NaN,NaN,NaN,NaN,NaN,NaN,NaN,NaN,NaN,NaN,NaN,NaN,NaN,NaN,NaN,NaN,NaN,NaN,NaN,NaN,NaN,NaN,NaN
NaN,NaN,NaN,NaN,NaN,NaN,NaN,NaN,NaN,NaN,NaN,NaN,NaN,NaN,NaN,NaN,NaN,NaN,NaN,NaN,NaN,NaN,NaN,NaN,NaN,NaN,NaN,-1.93852636165617,-1.9417530067633,-1.94486136423174,-1.9478612864594,-1.95075688103344,-1.95331107737342,-1.95570771172362,-1.95795633438813,-1.96005754205512,-1.96201183019246,-1.96381964451827,-1.96548146179262,-1.96699748968103,-1.96836822173848,-1.96959377642997,-1.97067428025381,-1.97161070033422,-1.97240255851692,-1.97304997624499,-1.97355351305678,-1.97391330082444,-1.97412895953212,-1.97420099825236,-1.97412895953212,-1.97391330082444,-1.97355351305678,-1.97304997624499,-1.97240255851692,-1.97161070033422,-1.97067428025381,-1.96959377642997,-1.96836822173848,-1.96699748968103,-1.96548146179262,-1.96381964451827,-1.96201183019246,-1.96005754205512,-1.95795633438813,-1.95570771172362,-1.95331107737342,-1.95075688103344,-1.9478612864594,-1.94486136423174,-1.9417530067633,-1.93852636165617,NaN,NaN,NaN,NaN,NaN,NaN,NaN,NaN,NaN,NaN,NaN,NaN,NaN,NaN,NaN,NaN,NaN,NaN,NaN,NaN,NaN,NaN,NaN,NaN,NaN,NaN,NaN
NaN,NaN,NaN,NaN,NaN,NaN,NaN,NaN,NaN,NaN,NaN,NaN,NaN,NaN,NaN,NaN,NaN,NaN,NaN,NaN,NaN,NaN,NaN,NaN,NaN,NaN,-1.93793732748756,-1.94130554251039,-1.94455506703547,-1.94769692275243,-1.95073753983162,-1.95343648793042,-1.95597787720127,-1.95837054311557,-1.96061624123285,-1.96271428588303,-1.96466623135117,-1.96647145720934,-1.96813132729207,-1.96964527864772,-1.97101370692431,-1.97223772060219,-1.97331679797052,-1.97425190964355,-1.97504254364247,-1.97568890180186,-1.97619177704215,-1.97655124974792,-1.97676661005465,-1.9768384054433,-1.97676661005465,-1.97655124974792,-1.97619177704215,-1.97568890180186,-1.97504254364247,-1.97425190964355,-1.97331679797052,-1.97223772060219,-1.97101370692431,-1.96964527864772,-1.96813132729207,-1.96647145720934,-1.96466623135117,-1.96271428588303,-1.96061624123285,-1.95837054311557,-1.95597787720127,-1.95343648793042,-1.95073753983162,-1.94769692275243,-1.94455506703547,-1.94130554251039,-1.93793732748756,NaN,NaN,NaN,NaN,NaN,NaN,NaN,NaN,NaN,NaN,NaN,NaN,NaN,NaN,NaN,NaN,NaN,NaN,NaN,NaN,NaN,NaN,NaN,NaN,NaN,NaN
NaN,NaN,NaN,NaN,NaN,NaN,NaN,NaN,NaN,NaN,NaN,NaN,NaN,NaN,NaN,NaN,NaN,NaN,NaN,NaN,NaN,NaN,NaN,NaN,NaN,-1.93705738498834,-1.94056517897594,-1.94395241015837,-1.94723079803607,-1.95041422702156,-1.95327500328927,-1.95596237815323,-1.95850042538262,-1.96088950365599,-1.96313243644662,-1.96522745905346,-1.96717720255078,-1.96897996236185,-1.97063746947215,-1.97214899464869,-1.9735164416799,-1.97473906606806,-1.97581647705438,-1.97675000464275,-1.9775402153517,-1.97818514219451,-1.97868739024756,-1.97904643290011,-1.9792607411484,-1.97933368206182,-1.9792607411484,-1.97904643290011,-1.97868739024756,-1.97818514219451,-1.9775402153517,-1.97675000464275,-1.97581647705438,-1.97473906606806,-1.9735164416799,-1.97214899464869,-1.97063746947215,-1.96897996236185,-1.96717720255078,-1.96522745905346,-1.96313243644662,-1.96088950365599,-1.95850042538262,-1.95596237815323,-1.95327500328927,-1.95041422702156,-1.94723079803607,-1.94395241015837,-1.94056517897594,-1.93705738498834,NaN,NaN,NaN,NaN,NaN,NaN,NaN,NaN,NaN,NaN,NaN,NaN,NaN,NaN,NaN,NaN,NaN,NaN,NaN,NaN,NaN,NaN,NaN,NaN,NaN
NaN,NaN,NaN,NaN,NaN,NaN,NaN,NaN,NaN,NaN,NaN,NaN,NaN,NaN,NaN,NaN,NaN,NaN,NaN,NaN,NaN,NaN,NaN,NaN,NaN,-1.93952944190387,-1.94305206330049,-1.94646284443564,-1.94977619300332,-1.9528248591084,-1.95565692411276,-1.95833869880417,-1.960873238412,-1.9632618503316,-1.96550056022497,-1.9675944395212,-1.96953929794704,-1.97134027020216,-1.97299642959142,-1.9745066883717,-1.97587084891222,-1.97709221455545,-1.97816805529751,-1.9791015475931,-1.97988996762801,-1.98053455942468,-1.98103596631301,-1.98139506126126,-1.98161031485774,-1.98168121515256,-1.98161031485774,-1.98139506126126,-1.98103596631301,-1.98053455942468,-1.97988996762801,-1.9791015475931,-1.97816805529751,-1.97709221455545,-1.97587084891222,-1.9745066883717,-1.97299642959142,-1.97134027020216,-1.96953929794704,-1.9675944395212,-1.96550056022497,-1.9632618503316,-1.960873238412,-1.95833869880417,-1.95565692411276,-1.9528248591084,-1.94977619300332,-1.94646284443564,-1.94305206330049,-1.93952944190387,NaN,NaN,NaN,NaN,NaN,NaN,NaN,NaN,NaN,NaN,NaN,NaN,NaN,NaN,NaN,NaN,NaN,NaN,NaN,NaN,NaN,NaN,NaN,NaN,NaN
NaN,NaN,NaN,NaN,NaN,NaN,NaN,NaN,NaN,NaN,NaN,NaN,NaN,NaN,NaN,NaN,NaN,NaN,NaN,NaN,NaN,NaN,NaN,NaN,-1.93820512759225,-1.94186210113349,-1.94540267044157,-1.94884111512167,-1.95208647061491,-1.95506420481273,-1.95789333199091,-1.96057192664067,-1.9631039704257,-1.96548858092502,-1.96772482374397,-1.96981594070546,-1.97175989952286,-1.97355820077479,-1.97521262483731,-1.97672058852521,-1.9780843569663,-1.97930406362445,-1.98037888861661,-1.98131022100053,-1.98209835703889,-1.98274128494711,-1.98324241349929,-1.98360101875509,-1.98381501684623,-1.98388768497494,-1.98381501684623,-1.98360101875509,-1.98324241349929,-1.98274128494711,-1.98209835703889,-1.98131022100053,-1.98037888861661,-1.97930406362445,-1.9780843569663,-1.97672058852521,-1.97521262483731,-1.97355820077479,-1.97175989952286,-1.96981594070546,-1.96772482374397,-1.96548858092502,-1.9631039704257,-1.96057192664067,-1.95789333199091,-1.95506420481273,-1.95208647061491,-1.94884111512167,-1.94540267044157,-1.94186210113349,-1.93820512759225,NaN,NaN,NaN,NaN,NaN,NaN,NaN,NaN,NaN,NaN,NaN,NaN,NaN,NaN,NaN,NaN,NaN,NaN,NaN,NaN,NaN,NaN,NaN,NaN
NaN,NaN,NaN,NaN,NaN,NaN,NaN,NaN,NaN,NaN,NaN,NaN,NaN,NaN,NaN,NaN,NaN,NaN,NaN,NaN,NaN,NaN,NaN,NaN,-1.9403856376742,-1.94405519115816,-1.94761623440252,-1.95106118307375,-1.9541848136163,-1.95716106501865,-1.95998623503718,-1.96266281954047,-1.96519158428707,-1.96757385165928,-1.96980784139602,-1.97189640826219,-1.97383757730049,-1.97563425280634,-1.97728677414572,-1.97879329004374,-1.98015415953635,-1.98137328951546,-1.98244623309568,-1.98337783985966,-1.9841648890629,-1.98480726245851,-1.98530759439185,-1.98566612484027,-1.98588006458468,-1.9859521057613,-1.98588006458468,-1.98566612484027,-1.98530759439185,-1.98480726245851,-1.9841648890629,-1.98337783985966,-1.98244623309568,-1.98137328951546,-1.98015415953635,-1.97879329004374,-1.97728677414572,-1.97563425280634,-1.97383757730049,-1.97189640826219,-1.96980784139602,-1.96757385165928,-1.96519158428707,-1.96266281954047,-1.95998623503718,-1.95716106501865,-1.9541848136163,-1.95106118307375,-1.94761623440252,-1.94405519115816,-1.9403856376742,NaN,NaN,NaN,NaN,NaN,NaN,NaN,NaN,NaN,NaN,NaN,NaN,NaN,NaN,NaN,NaN,NaN,NaN,NaN,NaN,NaN,NaN,NaN,NaN
NaN,NaN,NaN,NaN,NaN,NaN,NaN,NaN,NaN,NaN,NaN,NaN,NaN,NaN,NaN,NaN,NaN,NaN,NaN,NaN,NaN,NaN,NaN,-1.93862012648605,-1.94241966104376,-1.94610324595462,-1.94968665573967,-1.95301591718227,-1.95613770972097,-1.95910919584249,-1.96193193225501,-1.96460557932056,-1.96713175919158,-1.96951112059567,-1.97174302365266,-1.97382917171581,-1.97576955210902,-1.97756397607027,-1.97921383991182,-1.98071875111923,-1.98208000989969,-1.98329637433364,-1.98436967099687,-1.98529852683377,-1.98608476650747,-1.98672793073034,-1.98722810210702,-1.9875844532147,-1.98779835873177,-1.98787022216901,-1.98779835873177,-1.9875844532147,-1.98722810210702,-1.98672793073034,-1.98608476650747,-1.98529852683377,-1.98436967099687,-1.98329637433364,-1.98208000989969,-1.98071875111923,-1.97921383991182,-1.97756397607027,-1.97576955210902,-1.97382917171581,-1.97174302365266,-1.96951112059567,-1.96713175919158,-1.96460557932056,-1.96193193225501,-1.95910919584249,-1.95613770972097,-1.95301591718227,-1.94968665573967,-1.94610324595462,-1.94241966104376,-1.93862012648605,NaN,NaN,NaN,NaN,NaN,NaN,NaN,NaN,NaN,NaN,NaN,NaN,NaN,NaN,NaN,NaN,NaN,NaN,NaN,NaN,NaN,NaN,NaN
NaN,NaN,NaN,NaN,NaN,NaN,NaN,NaN,NaN,NaN,NaN,NaN,NaN,NaN,NaN,NaN,NaN,NaN,NaN,NaN,NaN,NaN,NaN,-1.94050339586927,-1.94431143210248,-1.94800961991398,-1.95155952039873,-1.95482813185033,-1.95794686374557,-1.96091556360616,-1.96373546822101,-1.96640709470978,-1.9689309279447,-1.97130761107045,-1.97353763648879,-1.97562156514507,-1.97755971211528,-1.97935267819236,-1.98100091574725,-1.98250449545552,-1.98386405576174,-1.98507952209644,-1.98615154718003,-1.987079930804,-1.98786532210675,-1.98850741627367,-1.98900713590553,-1.98936371479008,-1.98957760310501,-1.98964907044396,-1.98957760310501,-1.98936371479008,-1.98900713590553,-1.98850741627367,-1.98786532210675,-1.987079930804,-1.98615154718003,-1.98507952209644,-1.98386405576174,-1.98250449545552,-1.98100091574725,-1.97935267819236,-1.97755971211528,-1.97562156514507,-1.97353763648879,-1.97130761107045,-1.9689309279447,-1.96640709470978,-1.96373546822101,-1.96091556360616,-1.95794686374557,-1.95482813185033,-1.95155952039873,-1.94800961991398,-1.94431143210248,-1.94050339586927,NaN,NaN,NaN,NaN,NaN,NaN,NaN,NaN,NaN,NaN,NaN,NaN,NaN,NaN,NaN,NaN,NaN,NaN,NaN,NaN,NaN,NaN,NaN
NaN,NaN,NaN,NaN,NaN,NaN,NaN,NaN,NaN,NaN,NaN,NaN,NaN,NaN,NaN,NaN,NaN,NaN,NaN,NaN,NaN,NaN,-1.93830601937604,-1.94224208886546,-1.94605854752616,-1.94977103667981,-1.95323131570511,-1.95649746707851,-1.95961280700606,-1.96257947351954,-1.96539673947965,-1.96806531336892,-1.97058703356067,-1.97296235495445,-1.97518960297607,-1.97727222280128,-1.97920841120774,-1.98099976963249,-1.98264689620119,-1.9841489062357,-1.98550719410479,-1.98672184558405,-1.98779266761913,-1.98871991825085,-1.98950505391508,-1.99014664003801,-1.99064567809582,-1.99100176916075,-1.99121566404859,-1.99128715786871,-1.99121566404859,-1.99100176916075,-1.99064567809582,-1.99014664003801,-1.98950505391508,-1.98871991825085,-1.98779266761913,-1.98672184558405,-1.98550719410479,-1.9841489062357,-1.98264689620119,-1.98099976963249,-1.97920841120774,-1.97727222280128,-1.97518960297607,-1.97296235495445,-1.97058703356067,-1.96806531336892,-1.96539673947965,-1.96257947351954,-1.95961280700606,-1.95649746707851,-1.95323131570511,-1.94977103667981,-1.94605854752616,-1.94224208886546,-1.93830601937604,NaN,NaN,NaN,NaN,NaN,NaN,NaN,NaN,NaN,NaN,NaN,NaN,NaN,NaN,NaN,NaN,NaN,NaN,NaN,NaN,NaN,NaN
NaN,NaN,NaN,NaN,NaN,NaN,NaN,NaN,NaN,NaN,NaN,NaN,NaN,NaN,NaN,NaN,NaN,NaN,NaN,NaN,NaN,NaN,-1.93989159282477,-1.94383146818785,-1.94765550094675,-1.95134333479908,-1.95475620178441,-1.95801985776515,-1.96113235902143,-1.96409699717819,-1.9669118808946,-1.96957825357629,-1.97209748348589,-1.9744714657574,-1.97669621741495,-1.97877745831767,-1.98071202751386,-1.9825018949379,-1.98414800285523,-1.98564839182718,-1.98700604149669,-1.98821950049842,-1.98928970624957,-1.99021557044918,-1.99100004664669,-1.99164149361595,-1.99214018003843,-1.99249549955181,-1.99270941875079,-1.99278067465113,-1.99270941875079,-1.99249549955181,-1.99214018003843,-1.99164149361595,-1.99100004664669,-1.99021557044918,-1.98928970624957,-1.98821950049842,-1.98700604149669,-1.98564839182718,-1.98414800285523,-1.9825018949379,-1.98071202751386,-1.97877745831767,-1.97669621741495,-1.9744714657574,-1.97209748348589,-1.96957825357629,-1.9669118808946,-1.96409699717819,-1.96113235902143,-1.95801985776515,-1.95475620178441,-1.95134333479908,-1.94765550094675,-1.94383146818785,-1.93989159282477,NaN,NaN,NaN,NaN,NaN,NaN,NaN,NaN,NaN,NaN,NaN,NaN,NaN,NaN,NaN,NaN,NaN,NaN,NaN,NaN,NaN,NaN
NaN,NaN,NaN,NaN,NaN,NaN,NaN,NaN,NaN,NaN,NaN,NaN,NaN,NaN,NaN,NaN,NaN,NaN,NaN,NaN,NaN,-1.93726371995522,-1.94133304500453,-1.94527573535308,-1.94910565560223,-1.95272869436508,-1.9561416427469,-1.95940151122593,-1.96251299112106,-1.9654729985834,-1.96828605022871,-1.97095176153044,-1.97346976140779,-1.97583949825736,-1.97806497101779,-1.98014320551342,-1.98207668548848,-1.98386533929884,-1.98550912338634,-1.98700942439205,-1.98836449407072,-1.98957785832917,-1.99064655091484,-1.99157398630798,-1.99235719208588,-1.99299696549229,-1.99349497214278,-1.99385241392647,-1.99406536932908,-1.99413665196591,-1.99406536932908,-1.99385241392647,-1.99349497214278,-1.99299696549229,-1.99235719208588,-1.99157398630798,-1.99064655091484,-1.98957785832917,-1.98836449407072,-1.98700942439205,-1.98550912338634,-1.98386533929884,-1.98207668548848,-1.98014320551342,-1.97806497101779,-1.97583949825736,-1.97346976140779,-1.97095176153044,-1.96828605022871,-1.9654729985834,-1.96251299112106,-1.95940151122593,-1.9561416427469,-1.95272869436508,-1.94910565560223,-1.94527573535308,-1.94133304500453,-1.93726371995522,NaN,NaN,NaN,NaN,NaN,NaN,NaN,NaN,NaN,NaN,NaN,NaN,NaN,NaN,NaN,NaN,NaN,NaN,NaN,NaN,NaN
NaN,NaN,NaN,NaN,NaN,NaN,NaN,NaN,NaN,NaN,NaN,NaN,NaN,NaN,NaN,NaN,NaN,NaN,NaN,NaN,NaN,-1.93855863381616,-1.94262771205612,-1.94657167210935,-1.95040497818207,-1.95397199148101,-1.95738208060892,-1.9606398934915,-1.96374906123754,-1.96670732507259,-1.96951836565243,-1.97218290150214,-1.97469837640255,-1.97706725285426,-1.9792906754327,-1.98136820802243,-1.98329928343473,-1.9850866789001,-1.98673047043829,-1.98822968691111,-1.98958368598126,-1.99079653704272,-1.99186428012257,-1.9927905039178,-1.99357367404082,-1.9942122393303,-1.99471034441275,-1.99506695426916,-1.99527966139781,-1.99535178800505,-1.99527966139781,-1.99506695426916,-1.99471034441275,-1.9942122393303,-1.99357367404082,-1.9927905039178,-1.99186428012257,-1.99079653704272,-1.98958368598126,-1.98822968691111,-1.98673047043829,-1.9850866789001,-1.98329928343473,-1.98136820802243,-1.9792906754327,-1.97706725285426,-1.97469837640255,-1.97218290150214,-1.96951836565243,-1.96670732507259,-1.96374906123754,-1.9606398934915,-1.95738208060892,-1.95397199148101,-1.95040497818207,-1.94657167210935,-1.94262771205612,-1.93855863381616,NaN,NaN,NaN,NaN,NaN,NaN,NaN,NaN,NaN,NaN,NaN,NaN,NaN,NaN,NaN,NaN,NaN,NaN,NaN,NaN,NaN
NaN,NaN,NaN,NaN,NaN,NaN,NaN,NaN,NaN,NaN,NaN,NaN,NaN,NaN,NaN,NaN,NaN,NaN,NaN,NaN,NaN,-1.93970430842905,-1.94377197411781,-1.94771515881627,-1.95151198674499,-1.95507011987325,-1.9584763103148,-1.96173369711642,-1.96483943282044,-1.96779760322666,-1.97060688034666,-1.97326728052677,-1.97578232115385,-1.97814962933278,-1.9803716619922,-1.98244708175057,-1.98437929179392,-1.98616558598004,-1.98780629306933,-1.98930465991581,-1.99065907205656,-1.991869690569,-1.99293788859684,-1.9938637569346,-1.99464580281577,-1.99528584697583,-1.99578332493208,-1.99613950366818,-1.99635241362444,-1.99642309602701,-1.99635241362444,-1.99613950366818,-1.99578332493208,-1.99528584697583,-1.99464580281577,-1.9938637569346,-1.99293788859684,-1.991869690569,-1.99065907205656,-1.98930465991581,-1.98780629306933,-1.98616558598004,-1.98437929179392,-1.98244708175057,-1.9803716619922,-1.97814962933278,-1.97578232115385,-1.97326728052677,-1.97060688034666,-1.96779760322666,-1.96483943282044,-1.96173369711642,-1.9584763103148,-1.95507011987325,-1.95151198674499,-1.94771515881627,-1.94377197411781,-1.93970430842905,NaN,NaN,NaN,NaN,NaN,NaN,NaN,NaN,NaN,NaN,NaN,NaN,NaN,NaN,NaN,NaN,NaN,NaN,NaN,NaN,NaN
NaN,NaN,NaN,NaN,NaN,NaN,NaN,NaN,NaN,NaN,NaN,NaN,NaN,NaN,NaN,NaN,NaN,NaN,NaN,NaN,NaN,-1.94070608008047,-1.94477083896685,-1.94871075300243,-1.95247052513041,-1.9560267159679,-1.95943191013142,-1.96268640907005,-1.96579146809607,-1.96874720467964,-1.97155490322865,-1.97421525735315,-1.97672812527842,-1.97909399788509,-1.98131506410615,-1.98339017299593,-1.98531970774162,-1.98710501576752,-1.98874647408464,-1.99024360117947,-1.99159651624147,-1.99280768835311,-1.99387422289764,-1.99479945215139,-1.99558154608976,-1.99622058904608,-1.99671785821208,-1.99707347036283,-1.99728634405503,-1.99735768680848,-1.99728634405503,-1.99707347036283,-1.99671785821208,-1.99622058904608,-1.99558154608976,-1.99479945215139,-1.99387422289764,-1.99280768835311,-1.99159651624147,-1.99024360117947,-1.98874647408464,-1.98710501576752,-1.98531970774162,-1.98339017299593,-1.98131506410615,-1.97909399788509,-1.97672812527842,-1.97421525735315,-1.97155490322865,-1.96874720467964,-1.96579146809607,-1.96268640907005,-1.95943191013142,-1.9560267159679,-1.95247052513041,-1.94871075300243,-1.94477083896685,-1.94070608008047,NaN,NaN,NaN,NaN,NaN,NaN,NaN,NaN,NaN,NaN,NaN,NaN,NaN,NaN,NaN,NaN,NaN,NaN,NaN,NaN,NaN
NaN,NaN,NaN,NaN,NaN,NaN,NaN,NaN,NaN,NaN,NaN,NaN,NaN,NaN,NaN,NaN,NaN,NaN,NaN,NaN,-1.93736418969776,-1.94156084533054,-1.9456210396217,-1.94955493880596,-1.95328574296595,-1.9568402918025,-1.9602441387604,-1.96349666080612,-1.96660064055775,-1.96955485623099,-1.97236121176234,-1.97502026173836,-1.97753201065854,-1.97989728360707,-1.98211670281895,-1.98419073169625,-1.9861195620002,-1.98790403311443,-1.9895444828324,-1.99104099347216,-1.99239392112579,-1.99360377088395,-1.99467060058552,-1.99559466034188,-1.99637630487589,-1.99701567806508,-1.99751277950865,-1.99786772649519,-1.99808071163554,-1.99815166450012,-1.99808071163554,-1.99786772649519,-1.99751277950865,-1.99701567806508,-1.99637630487589,-1.99559466034188,-1.99467060058552,-1.99360377088395,-1.99239392112579,-1.99104099347216,-1.9895444828324,-1.98790403311443,-1.9861195620002,-1.98419073169625,-1.98211670281895,-1.97989728360707,-1.97753201065854,-1.97502026173836,-1.97236121176234,-1.96955485623099,-1.96660064055775,-1.96349666080612,-1.9602441387604,-1.9568402918025,-1.95328574296595,-1.94955493880596,-1.9456210396217,-1.94156084533054,-1.93736418969776,NaN,NaN,NaN,NaN,NaN,NaN,NaN,NaN,NaN,NaN,NaN,NaN,NaN,NaN,NaN,NaN,NaN,NaN,NaN,NaN
NaN,NaN,NaN,NaN,NaN,NaN,NaN,NaN,NaN,NaN,NaN,NaN,NaN,NaN,NaN,NaN,NaN,NaN,NaN,NaN,-1.93807451593175,-1.94226658066251,-1.94632049985656,-1.95024556614061,-1.95395617425507,-1.95750932414736,-1.96091063472593,-1.96416282097936,-1.96726469855878,-1.97021882422965,-1.97302402447958,-1.975680969491,-1.97819199203125,-1.98055655905704,-1.98277494194053,-1.98484788978457,-1.98677683033184,-1.98856058124497,-1.99019956013107,-1.99169565826248,-1.99304830694851,-1.99425737706031,-1.99532359092391,-1.99624789790474,-1.99702914306715,-1.99766889080057,-1.99816561067864,-1.99852015909136,-1.99873327045879,-1.99880383618556,-1.99873327045879,-1.99852015909136,-1.99816561067864,-1.99766889080057,-1.99702914306715,-1.99624789790474,-1.99532359092391,-1.99425737706031,-1.99304830694851,-1.99169565826248,-1.99019956013107,-1.98856058124497,-1.98677683033184,-1.98484788978457,-1.98277494194053,-1.98055655905704,-1.97819199203125,-1.975680969491,-1.97302402447958,-1.97021882422965,-1.96726469855878,-1.96416282097936,-1.96091063472593,-1.95750932414736,-1.95395617425507,-1.95024556614061,-1.94632049985656,-1.94226658066251,-1.93807451593175,NaN,NaN,NaN,NaN,NaN,NaN,NaN,NaN,NaN,NaN,NaN,NaN,NaN,NaN,NaN,NaN,NaN,NaN,NaN,NaN
NaN,NaN,NaN,NaN,NaN,NaN,NaN,NaN,NaN,NaN,NaN,NaN,NaN,NaN,NaN,NaN,NaN,NaN,NaN,NaN,-1.93864243437894,-1.94282899330796,-1.94687497449677,-1.95078377920024,-1.9544861268889,-1.95803816504686,-1.9614395350676,-1.96468932020863,-1.96779106423219,-1.97074362207448,-1.9735478907869,-1.97620469541063,-1.97871387831109,-1.98107886206946,-1.98329528010869,-1.98536829197277,-1.98729624776416,-1.98907942010133,-1.99071810344873,-1.99221308675054,-1.99356640423574,-1.99477397314718,-1.99584101876072,-1.99676403238372,-1.99754493879684,-1.99818512109995,-1.99868190340458,-1.99903567015997,-1.99924892769795,-1.99931910666699,-1.99924892769795,-1.99903567015997,-1.99868190340458,-1.99818512109995,-1.99754493879684,-1.99676403238372,-1.99584101876072,-1.99477397314718,-1.99356640423574,-1.99221308675054,-1.99071810344873,-1.98907942010133,-1.98729624776416,-1.98536829197277,-1.98329528010869,-1.98107886206946,-1.97871387831109,-1.97620469541063,-1.9735478907869,-1.97074362207448,-1.96779106423219,-1.96468932020863,-1.9614395350676,-1.95803816504686,-1.9544861268889,-1.95078377920024,-1.94687497449677,-1.94282899330796,-1.93864243437894,NaN,NaN,NaN,NaN,NaN,NaN,NaN,NaN,NaN,NaN,NaN,NaN,NaN,NaN,NaN,NaN,NaN,NaN,NaN,NaN
NaN,NaN,NaN,NaN,NaN,NaN,NaN,NaN,NaN,NaN,NaN,NaN,NaN,NaN,NaN,NaN,NaN,NaN,NaN,NaN,-1.93906438517131,-1.94324466851267,-1.94728130127114,-1.95117028989309,-1.95487473679691,-1.95842563373914,-1.96182433918491,-1.96507517682314,-1.96817478816312,-1.97112696584661,-1.9739305476211,-1.97658601399818,-1.97909592596221,-1.98145775685316,-1.98367622356743,-1.9857476132437,-1.98767495836069,-1.98945763274294,-1.99109614927805,-1.99259170644318,-1.99394213398079,-1.99515179649466,-1.99621687589487,-1.99714120249475,-1.9979222689248,-1.99855902007163,-1.99905572084658,-1.99941162276365,-1.99962371076642,-1.99969574706921,-1.99962371076642,-1.99941162276365,-1.99905572084658,-1.99855902007163,-1.9979222689248,-1.99714120249475,-1.99621687589487,-1.99515179649466,-1.99394213398079,-1.99259170644318,-1.99109614927805,-1.98945763274294,-1.98767495836069,-1.9857476132437,-1.98367622356743,-1.98145775685316,-1.97909592596221,-1.97658601399818,-1.9739305476211,-1.97112696584661,-1.96817478816312,-1.96507517682314,-1.96182433918491,-1.95842563373914,-1.95487473679691,-1.95117028989309,-1.94728130127114,-1.94324466851267,-1.93906438517131,NaN,NaN,NaN,NaN,NaN,NaN,NaN,NaN,NaN,NaN,NaN,NaN,NaN,NaN,NaN,NaN,NaN,NaN,NaN,NaN
NaN,NaN,NaN,NaN,NaN,NaN,NaN,NaN,NaN,NaN,NaN,NaN,NaN,NaN,NaN,NaN,NaN,NaN,NaN,NaN,-1.93933971768102,-1.94351318201632,-1.94753941317425,-1.95141402915765,-1.9551172381837,-1.95866738434999,-1.9620653512818,-1.96531588111238,-1.96841469724491,-1.97136643058085,-1.97416946533352,-1.97682432534275,-1.97933396086671,-1.9816952707323,-1.98391343333498,-1.98598426637195,-1.98791129801479,-1.98969363459905,-1.99133181690994,-1.99282726903661,-1.99417704880358,-1.99538682074939,-1.99645146152024,-1.99737553022142,-1.99815642542921,-1.99879364066739,-1.99929000665051,-1.99964563228366,-1.99985789765365,-1.9999295519898,-1.99985789765365,-1.99964563228366,-1.99929000665051,-1.99879364066739,-1.99815642542921,-1.99737553022142,-1.99645146152024,-1.99538682074939,-1.99417704880358,-1.99282726903661,-1.99133181690994,-1.98969363459905,-1.98791129801479,-1.98598426637195,-1.98391343333498,-1.9816952707323,-1.97933396086671,-1.97682432534275,-1.97416946533352,-1.97136643058085,-1.96841469724491,-1.96531588111238,-1.9620653512818,-1.95866738434999,-1.9551172381837,-1.95141402915765,-1.94753941317425,-1.94351318201632,-1.93933971768102,NaN,NaN,NaN,NaN,NaN,NaN,NaN,NaN,NaN,NaN,NaN,NaN,NaN,NaN,NaN,NaN,NaN,NaN,NaN,NaN
NaN,NaN,NaN,NaN,NaN,NaN,NaN,NaN,NaN,NaN,NaN,NaN,NaN,NaN,NaN,NaN,NaN,NaN,NaN,NaN,-1.93947407903234,-1.94364046964536,-1.94765570090268,-1.95151857180192,-1.95521970811959,-1.95876948451522,-1.96216876033679,-1.96541729331194,-1.96851686969794,-1.97146711674611,-1.97426979410271,-1.97692556395683,-1.97943386993915,-1.98179643691566,-1.98401258856732,-1.98608402630095,-1.98801023810396,-1.98979242442429,-1.99143078802408,-1.992925144532,-1.99427677460789,-1.99548465501626,-1.99655036973405,-1.99747281280471,-1.998253521745,-1.99889267709594,-1.99938905200519,-1.99974285055477,-1.99995658175747,-2.00002647855426,-1.99995658175747,-1.99974285055477,-1.99938905200519,-1.99889267709594,-1.998253521745,-1.99747281280471,-1.99655036973405,-1.99548465501626,-1.99427677460789,-1.992925144532,-1.99143078802408,-1.98979242442429,-1.98801023810396,-1.98608402630095,-1.98401258856732,-1.98179643691566,-1.97943386993915,-1.97692556395683,-1.97426979410271,-1.97146711674611,-1.96851686969794,-1.96541729331194,-1.96216876033679,-1.95876948451522,-1.95521970811959,-1.95151857180192,-1.94765570090268,-1.94364046964536,-1.93947407903234,NaN,NaN,NaN,NaN,NaN,NaN,NaN,NaN,NaN,NaN,NaN,NaN,NaN,NaN,NaN,NaN,NaN,NaN,NaN,NaN
NaN,NaN,NaN,NaN,NaN,NaN,NaN,NaN,NaN,NaN,NaN,NaN,NaN,NaN,NaN,NaN,NaN,NaN,NaN,NaN,-1.93946340945497,-1.94362282088644,-1.9476270044881,-1.95147803328585,-1.95517956519144,-1.95872924606936,-1.96212792476394,-1.96537660482947,-1.96847581512765,-1.97142644141757,-1.97422897694287,-1.97688407285725,-1.97939244856437,-1.98175454163734,-1.98397096906414,-1.98604213118813,-1.98796849903284,-1.98975054465586,-1.99138863415395,-1.99288308972783,-1.99423424762806,-1.99544240724069,-1.99650782466427,-1.9974307206801,-1.99821130478459,-1.9988497508125,-1.99934616880203,-1.9997006920679,-1.99991336257434,-1.9999842242694,-1.99991336257434,-1.9997006920679,-1.99934616880203,-1.9988497508125,-1.99821130478459,-1.9974307206801,-1.99650782466427,-1.99544240724069,-1.99423424762806,-1.99288308972783,-1.99138863415395,-1.98975054465586,-1.98796849903284,-1.98604213118813,-1.98397096906414,-1.98175454163734,-1.97939244856437,-1.97688407285725,-1.97422897694287,-1.97142644141757,-1.96847581512765,-1.96537660482947,-1.96212792476394,-1.95872924606936,-1.95517956519144,-1.95147803328585,-1.9476270044881,-1.94362282088644,-1.93946340945497,NaN,NaN,NaN,NaN,NaN,NaN,NaN,NaN,NaN,NaN,NaN,NaN,NaN,NaN,NaN,NaN,NaN,NaN,NaN,NaN
NaN,NaN,NaN,NaN,NaN,NaN,NaN,NaN,NaN,NaN,NaN,NaN,NaN,NaN,NaN,NaN,NaN,NaN,NaN,NaN,-1.93930825238416,-1.94346113627452,-1.94745478756091,-1.95129419209809,-1.95499516501613,-1.95854501369658,-1.96194333850117,-1.96519240904379,-1.96829147678258,-1.97124270597903,-1.97404530373133,-1.97669991035931,-1.97920854068563,-1.98157059902369,-1.98378719460966,-1.98585822795581,-1.98778526294733,-1.98956734056859,-1.99120485676932,-1.99269952107757,-1.99405030103153,-1.99525882791397,-1.99632402076033,-1.99724744268919,-1.99802795646212,-1.99866657441536,-1.99916264518753,-1.99951754658373,-1.99973044119778,-1.9998009657508,-1.99973044119778,-1.99951754658373,-1.99916264518753,-1.99866657441536,-1.99802795646212,-1.99724744268919,-1.99632402076033,-1.99525882791397,-1.99405030103153,-1.99269952107757,-1.99120485676932,-1.98956734056859,-1.98778526294733,-1.98585822795581,-1.98378719460966,-1.98157059902369,-1.97920854068563,-1.97669991035931,-1.97404530373133,-1.97124270597903,-1.96829147678258,-1.96519240904379,-1.96194333850117,-1.95854501369658,-1.95499516501613,-1.95129419209809,-1.94745478756091,-1.94346113627452,-1.93930825238416,NaN,NaN,NaN,NaN,NaN,NaN,NaN,NaN,NaN,NaN,NaN,NaN,NaN,NaN,NaN,NaN,NaN,NaN,NaN,NaN
NaN,NaN,NaN,NaN,NaN,NaN,NaN,NaN,NaN,NaN,NaN,NaN,NaN,NaN,NaN,NaN,NaN,NaN,NaN,NaN,-1.93901373507791,-1.94316089515408,-1.94714508544558,-1.95096941476114,-1.9546722474904,-1.95822250476179,-1.96162071026186,-1.9648703874475,-1.96796952283506,-1.97092154780973,-1.97372439485577,-1.9763786931422,-1.97888774270303,-1.98124937788935,-1.98346683179595,-1.98553787357766,-1.98746552707244,-1.98924771534007,-1.99088497756219,-1.99237994679175,-1.99373043249609,-1.99493940946772,-1.99600444809261,-1.99692845287113,-1.99770894723019,-1.99834620778516,-1.99884270005138,-1.99919886843649,-1.999410838559,-1.99948216045421,-1.999410838559,-1.99919886843649,-1.99884270005138,-1.99834620778516,-1.99770894723019,-1.99692845287113,-1.99600444809261,-1.99493940946772,-1.99373043249609,-1.99237994679175,-1.99088497756219,-1.98924771534007,-1.98746552707244,-1.98553787357766,-1.98346683179595,-1.98124937788935,-1.97888774270303,-1.9763786931422,-1.97372439485577,-1.97092154780973,-1.96796952283506,-1.9648703874475,-1.96162071026186,-1.95822250476179,-1.9546722474904,-1.95096941476114,-1.94714508544558,-1.94316089515408,-1.93901373507791,NaN,NaN,NaN,NaN,NaN,NaN,NaN,NaN,NaN,NaN,NaN,NaN,NaN,NaN,NaN,NaN,NaN,NaN,NaN,NaN
NaN,NaN,NaN,NaN,NaN,NaN,NaN,NaN,NaN,NaN,NaN,NaN,NaN,NaN,NaN,NaN,NaN,NaN,NaN,NaN,-1.93857510609728,-1.94271764548673,-1.94669392018005,-1.95050217818494,-1.9542036794018,-1.95775459775261,-1.96115452948782,-1.96440342869661,-1.96750394903879,-1.97045588433879,-1.97325917465891,-1.9759146036253,-1.97842304770817,-1.98078687540097,-1.98300281689128,-1.98507491751548,-1.98700267076224,-1.9887851915689,-1.99042274537861,-1.99191732865071,-1.99326975220446,-1.99447718509483,-1.99554358882646,-1.99646673418945,-1.99724725884265,-1.99788685345224,-1.99838318535267,-1.99873761890753,-1.99895101113045,-1.9990207975473,-1.99895101113045,-1.99873761890753,-1.99838318535267,-1.99788685345224,-1.99724725884265,-1.99646673418945,-1.99554358882646,-1.99447718509483,-1.99326975220446,-1.99191732865071,-1.99042274537861,-1.9887851915689,-1.98700267076224,-1.98507491751548,-1.98300281689128,-1.98078687540097,-1.97842304770817,-1.9759146036253,-1.97325917465891,-1.97045588433879,-1.96750394903879,-1.96440342869661,-1.96115452948782,-1.95775459775261,-1.9542036794018,-1.95050217818494,-1.94669392018005,-1.94271764548673,-1.93857510609728,NaN,NaN,NaN,NaN,NaN,NaN,NaN,NaN,NaN,NaN,NaN,NaN,NaN,NaN,NaN,NaN,NaN,NaN,NaN,NaN
NaN,NaN,NaN,NaN,NaN,NaN,NaN,NaN,NaN,NaN,NaN,NaN,NaN,NaN,NaN,NaN,NaN,NaN,NaN,NaN,-1.93799372397466,-1.94213298366021,-1.9461032660826,-1.94989862243691,-1.9535940868221,-1.9571455273852,-1.96054457753664,-1.96379615069132,-1.96689606069785,-1.96984905680715,-1.97265305219418,-1.9753084388572,-1.97781884560134,-1.98018130146678,-1.98239974135547,-1.98447121781054,-1.98639937123517,-1.98818226466582,-1.98982035657027,-1.99131624179019,-1.99266704976946,-1.99387653062776,-1.99494150491908,-1.99586648788179,-1.99664744777779,-1.99728503073354,-1.99778154572623,-1.99813725777785,-1.99834959317767,-1.9984212541893,-1.99834959317767,-1.99813725777785,-1.99778154572623,-1.99728503073354,-1.99664744777779,-1.99586648788179,-1.99494150491908,-1.99387653062776,-1.99266704976946,-1.99131624179019,-1.98982035657027,-1.98818226466582,-1.98639937123517,-1.98447121781054,-1.98239974135547,-1.98018130146678,-1.97781884560134,-1.9753084388572,-1.97265305219418,-1.96984905680715,-1.96689606069785,-1.96379615069132,-1.96054457753664,-1.9571455273852,-1.9535940868221,-1.94989862243691,-1.9461032660826,-1.94213298366021,-1.93799372397466,NaN,NaN,NaN,NaN,NaN,NaN,NaN,NaN,NaN,NaN,NaN,NaN,NaN,NaN,NaN,NaN,NaN,NaN,NaN,NaN
NaN,NaN,NaN,NaN,NaN,NaN,NaN,NaN,NaN,NaN,NaN,NaN,NaN,NaN,NaN,NaN,NaN,NaN,NaN,NaN,-1.93727363928043,-1.94141111908299,-1.94537760776474,-1.9491661171483,-1.95284295735406,-1.95639592297764,-1.95979671437211,-1.96304801380999,-1.96614979656823,-1.96910355713557,-1.97190839970657,-1.97456496226256,-1.97707515045618,-1.97943951697319,-1.98165730091253,-1.98373028131553,-1.98565892062324,-1.9874423483833,-1.98908095884123,-1.99057640199182,-1.99192899478235,-1.99313775520843,-1.99420422070505,-1.99512817869729,-1.99590891955915,-1.99654817358293,-1.99704490351159,-1.99740018516727,-1.99761280874229,-1.99768345285455,-1.99761280874229,-1.99740018516727,-1.99704490351159,-1.99654817358293,-1.99590891955915,-1.99512817869729,-1.99420422070505,-1.99313775520843,-1.99192899478235,-1.99057640199182,-1.98908095884123,-1.9874423483833,-1.98565892062324,-1.98373028131553,-1.98165730091253,-1.97943951697319,-1.97707515045618,-1.97456496226256,-1.97190839970657,-1.96910355713557,-1.96614979656823,-1.96304801380999,-1.95979671437211,-1.95639592297764,-1.95284295735406,-1.9491661171483,-1.94537760776474,-1.94141111908299,-1.93727363928043,NaN,NaN,NaN,NaN,NaN,NaN,NaN,NaN,NaN,NaN,NaN,NaN,NaN,NaN,NaN,NaN,NaN,NaN,NaN,NaN
NaN,NaN,NaN,NaN,NaN,NaN,NaN,NaN,NaN,NaN,NaN,NaN,NaN,NaN,NaN,NaN,NaN,NaN,NaN,NaN,NaN,-1.94054655700115,-1.9445115269732,-1.9482965310743,-1.95194703177565,-1.95550108482194,-1.95890401940631,-1.96215659418638,-1.96525958107002,-1.96821367784719,-1.97101956094269,-1.97367785252368,-1.976189164129,-1.97855406949123,-1.98077302650089,-1.98284658857704,-1.98477522453595,-1.98655930761623,-1.98819921930635,-1.9896953808578,-1.99104812503507,-1.99225759204169,-1.99332419228122,-1.99424816316377,-1.99502961697031,-1.99566881059393,-1.99616578965756,-1.99652065814653,-1.99673358694774,-1.99680452589195,-1.99673358694774,-1.99652065814653,-1.99616578965756,-1.99566881059393,-1.99502961697031,-1.99424816316377,-1.99332419228122,-1.99225759204169,-1.99104812503507,-1.9896953808578,-1.98819921930635,-1.98655930761623,-1.98477522453595,-1.98284658857704,-1.98077302650089,-1.97855406949123,-1.976189164129,-1.97367785252368,-1.97101956094269,-1.96821367784719,-1.96525958107002,-1.96215659418638,-1.95890401940631,-1.95550108482194,-1.95194703177565,-1.9482965310743,-1.9445115269732,-1.94054655700115,NaN,NaN,NaN,NaN,NaN,NaN,NaN,NaN,NaN,NaN,NaN,NaN,NaN,NaN,NaN,NaN,NaN,NaN,NaN,NaN,NaN
NaN,NaN,NaN,NaN,NaN,NaN,NaN,NaN,NaN,NaN,NaN,NaN,NaN,NaN,NaN,NaN,NaN,NaN,NaN,NaN,NaN,-1.93954120959877,-1.94350690750607,-1.94729171694784,-1.95090816679661,-1.95446389328119,-1.95786790031359,-1.96112223685158,-1.9642263745075,-1.96718231653149,-1.96998942736532,-1.97264839020292,-1.97516092464462,-1.97752775903318,-1.97974680480236,-1.98182126727836,-1.98375113933051,-1.9855359938699,-1.98717636421979,-1.98867300217854,-1.99002726990982,-1.99123623798926,-1.99230436759274,-1.99322792186699,-1.99400961770536,-1.9946497608015,-1.9951470205066,-1.99550150143783,-1.9957147478944,-1.99578533240029,-1.9957147478944,-1.99550150143783,-1.9951470205066,-1.9946497608015,-1.99400961770536,-1.99322792186699,-1.99230436759274,-1.99123623798926,-1.99002726990982,-1.98867300217854,-1.98717636421979,-1.9855359938699,-1.98375113933051,-1.98182126727836,-1.97974680480236,-1.97752775903318,-1.97516092464462,-1.97264839020292,-1.96998942736532,-1.96718231653149,-1.9642263745075,-1.96112223685158,-1.95786790031359,-1.95446389328119,-1.95090816679661,-1.94729171694784,-1.94350690750607,-1.93954120959877,NaN,NaN,NaN,NaN,NaN,NaN,NaN,NaN,NaN,NaN,NaN,NaN,NaN,NaN,NaN,NaN,NaN,NaN,NaN,NaN,NaN
NaN,NaN,NaN,NaN,NaN,NaN,NaN,NaN,NaN,NaN,NaN,NaN,NaN,NaN,NaN,NaN,NaN,NaN,NaN,NaN,NaN,-1.93839770089411,-1.94236623170822,-1.94615394572324,-1.94974951753987,-1.95328656123045,-1.95669351831529,-1.95994954445739,-1.96305535624946,-1.96601155497483,-1.96882031636079,-1.9714815685165,-1.97399564209457,-1.97636200390087,-1.97858386120642,-1.98065900451662,-1.9825894501739,-1.98437526880637,-1.98601662198698,-1.98751452386037,-1.9888676081955,-1.99007896399886,-1.991146043234,-1.99207189054822,-1.99285388503738,-1.99349217609602,-1.99398974860615,-1.99434662312741,-1.99455888409847,-1.99463052642102,-1.99455888409847,-1.99434662312741,-1.99398974860615,-1.99349217609602,-1.99285388503738,-1.99207189054822,-1.991146043234,-1.99007896399886,-1.9888676081955,-1.98751452386037,-1.98601662198698,-1.98437526880637,-1.9825894501739,-1.98065900451662,-1.97858386120642,-1.97636200390087,-1.97399564209457,-1.9714815685165,-1.96882031636079,-1.96601155497483,-1.96305535624946,-1.95994954445739,-1.95669351831529,-1.95328656123045,-1.94974951753987,-1.94615394572324,-1.94236623170822,-1.93839770089411,NaN,NaN,NaN,NaN,NaN,NaN,NaN,NaN,NaN,NaN,NaN,NaN,NaN,NaN,NaN,NaN,NaN,NaN,NaN,NaN,NaN
NaN,NaN,NaN,NaN,NaN,NaN,NaN,NaN,NaN,NaN,NaN,NaN,NaN,NaN,NaN,NaN,NaN,NaN,NaN,NaN,NaN,-1.93710975483377,-1.94108291579702,-1.9448762134759,-1.9484786631926,-1.95196319766831,-1.95537312428379,-1.95863004479546,-1.96173876103701,-1.96469598668214,-1.96750640507751,-1.9701698251894,-1.97268535971108,-1.97505286440653,-1.97727637033132,-1.97935250615996,-1.98128367230625,-1.98307053028795,-1.98471313380321,-1.98621204938754,-1.98756547164203,-1.98877784943539,-1.98984527000169,-1.99077189188571,-1.99155448298823,-1.99219304919617,-1.99269059267214,-1.99304752617244,-1.99326013766396,-1.99333215940445,-1.99326013766396,-1.99304752617244,-1.99269059267214,-1.99219304919617,-1.99155448298823,-1.99077189188571,-1.98984527000169,-1.98877784943539,-1.98756547164203,-1.98621204938754,-1.98471313380321,-1.98307053028795,-1.98128367230625,-1.97935250615996,-1.97727637033132,-1.97505286440653,-1.97268535971108,-1.9701698251894,-1.96750640507751,-1.96469598668214,-1.96173876103701,-1.95863004479546,-1.95537312428379,-1.95196319766831,-1.9484786631926,-1.9448762134759,-1.94108291579702,-1.93710975483377,NaN,NaN,NaN,NaN,NaN,NaN,NaN,NaN,NaN,NaN,NaN,NaN,NaN,NaN,NaN,NaN,NaN,NaN,NaN,NaN,NaN
NaN,NaN,NaN,NaN,NaN,NaN,NaN,NaN,NaN,NaN,NaN,NaN,NaN,NaN,NaN,NaN,NaN,NaN,NaN,NaN,NaN,NaN,-1.93965901706041,-1.94346009941308,-1.94707263438021,-1.9504983967155,-1.95390822596303,-1.95716915121261,-1.96027799618423,-1.96323980915683,-1.96605206601792,-1.96871485882031,-1.97123179487146,-1.97360232527181,-1.97582553289854,-1.97790402128664,-1.97983783831337,-1.98162570305952,-1.98326847010291,-1.98476758538646,-1.98612399391433,-1.98733553322402,-1.98840492460833,-1.9893299639142,-1.9901132810335,-1.99075504404137,-1.99125297096561,-1.99160753387658,-1.99182181487944,-1.99189194855977,-1.99182181487944,-1.99160753387658,-1.99125297096561,-1.99075504404137,-1.9901132810335,-1.9893299639142,-1.98840492460833,-1.98733553322402,-1.98612399391433,-1.98476758538646,-1.98326847010291,-1.98162570305952,-1.97983783831337,-1.97790402128664,-1.97582553289854,-1.97360232527181,-1.97123179487146,-1.96871485882031,-1.96605206601792,-1.96323980915683,-1.96027799618423,-1.95716915121261,-1.95390822596303,-1.9504983967155,-1.94707263438021,-1.94346009941308,-1.93965901706041,NaN,NaN,NaN,NaN,NaN,NaN,NaN,NaN,NaN,NaN,NaN,NaN,NaN,NaN,NaN,NaN,NaN,NaN,NaN,NaN,NaN,NaN
NaN,NaN,NaN,NaN,NaN,NaN,NaN,NaN,NaN,NaN,NaN,NaN,NaN,NaN,NaN,NaN,NaN,NaN,NaN,NaN,NaN,NaN,-1.93809545573606,-1.94190598361577,-1.94553101346766,-1.94895770272652,-1.95230474628059,-1.95556685382673,-1.95867945359322,-1.96164186761564,-1.96445616016093,-1.96712185532032,-1.96964128891087,-1.97201247102949,-1.97423824526645,-1.9763174717081,-1.97825240058764,-1.98004168379892,-1.98168575145978,-1.98318610974315,-1.98454306049471,-1.98575580738703,-1.98682570118353,-1.98775199917137,-1.98853568912912,-1.98917720222777,-1.98967554945858,-1.99003136863153,-1.99024523037504,-1.99031566047537,-1.99024523037504,-1.99003136863153,-1.98967554945858,-1.98917720222777,-1.98853568912912,-1.98775199917137,-1.98682570118353,-1.98575580738703,-1.98454306049471,-1.98318610974315,-1.98168575145978,-1.98004168379892,-1.97825240058764,-1.9763174717081,-1.97423824526645,-1.97201247102949,-1.96964128891087,-1.96712185532032,-1.96445616016093,-1.96164186761564,-1.95867945359322,-1.95556685382673,-1.95230474628059,-1.94895770272652,-1.94553101346766,-1.94190598361577,-1.93809545573606,NaN,NaN,NaN,NaN,NaN,NaN,NaN,NaN,NaN,NaN,NaN,NaN,NaN,NaN,NaN,NaN,NaN,NaN,NaN,NaN,NaN,NaN
NaN,NaN,NaN,NaN,NaN,NaN,NaN,NaN,NaN,NaN,NaN,NaN,NaN,NaN,NaN,NaN,NaN,NaN,NaN,NaN,NaN,NaN,NaN,-1.9402064834443,-1.94384558183586,-1.94729128604259,-1.9505530344678,-1.95381821133764,-1.95693297659954,-1.95989835184389,-1.96271485228373,-1.96538318359718,-1.9679039455492,-1.97027766484195,-1.97250495953219,-1.97458622505042,-1.97652206738751,-1.97831275560402,-1.97995865229911,-1.98146034012458,-1.9828179147182,-1.98403193751038,-1.98510239699034,-1.98602982443768,-1.98681411294387,-1.9874554531772,-1.98795421195167,-1.9883106192507,-1.98852436406258,-1.98859549018721,-1.98852436406258,-1.9883106192507,-1.98795421195167,-1.9874554531772,-1.98681411294387,-1.98602982443768,-1.98510239699034,-1.98403193751038,-1.9828179147182,-1.98146034012458,-1.97995865229911,-1.97831275560402,-1.97652206738751,-1.97458622505042,-1.97250495953219,-1.97027766484195,-1.9679039455492,-1.96538318359718,-1.96271485228373,-1.95989835184389,-1.95693297659954,-1.95381821133764,-1.9505530344678,-1.94729128604259,-1.94384558183586,-1.9402064834443,NaN,NaN,NaN,NaN,NaN,NaN,NaN,NaN,NaN,NaN,NaN,NaN,NaN,NaN,NaN,NaN,NaN,NaN,NaN,NaN,NaN,NaN,NaN
NaN,NaN,NaN,NaN,NaN,NaN,NaN,NaN,NaN,NaN,NaN,NaN,NaN,NaN,NaN,NaN,NaN,NaN,NaN,NaN,NaN,NaN,NaN,-1.93836400646654,-1.94201797655029,-1.94548382635926,-1.94874837380258,-1.95192691810823,-1.9550442340663,-1.95801262840091,-1.96083154197998,-1.96350235811774,-1.96602474401296,-1.96840140162578,-1.97063034841514,-1.97271383107809,-1.97465036822202,-1.97644253909663,-1.97809079154744,-1.9795939156221,-1.98095221290401,-1.98216759676981,-1.98323869934685,-1.98416741022064,-1.98495226345703,-1.98559340539122,-1.98609268485381,-1.98645021977477,-1.986663219187,-1.98673517308678,-1.986663219187,-1.98645021977477,-1.98609268485381,-1.98559340539122,-1.98495226345703,-1.98416741022064,-1.98323869934685,-1.98216759676981,-1.98095221290401,-1.9795939156221,-1.97809079154744,-1.97644253909663,-1.97465036822202,-1.97271383107809,-1.97063034841514,-1.96840140162578,-1.96602474401296,-1.96350235811774,-1.96083154197998,-1.95801262840091,-1.9550442340663,-1.95192691810823,-1.94874837380258,-1.94548382635926,-1.94201797655029,-1.93836400646654,NaN,NaN,NaN,NaN,NaN,NaN,NaN,NaN,NaN,NaN,NaN,NaN,NaN,NaN,NaN,NaN,NaN,NaN,NaN,NaN,NaN,NaN,NaN
NaN,NaN,NaN,NaN,NaN,NaN,NaN,NaN,NaN,NaN,NaN,NaN,NaN,NaN,NaN,NaN,NaN,NaN,NaN,NaN,NaN,NaN,NaN,NaN,-1.9400470390042,-1.94353326134452,-1.94682551422452,-1.94990930558665,-1.953013815316,-1.95598509039438,-1.95880658232945,-1.96148101161595,-1.96400597520406,-1.96638393068655,-1.96861592051395,-1.97070047698697,-1.97263929762627,-1.97443345223318,-1.97608227288578,-1.9775869189251,-1.97894600891863,-1.98016282529986,-1.98123462645042,-1.98216467866659,-1.9829501383428,-1.98359262278135,-1.98409211126678,-1.98444962938686,-1.9846641905643,-1.98473467827802,-1.9846641905643,-1.98444962938686,-1.98409211126678,-1.98359262278135,-1.9829501383428,-1.98216467866659,-1.98123462645042,-1.98016282529986,-1.97894600891863,-1.9775869189251,-1.97608227288578,-1.97443345223318,-1.97263929762627,-1.97070047698697,-1.96861592051395,-1.96638393068655,-1.96400597520406,-1.96148101161595,-1.95880658232945,-1.95598509039438,-1.953013815316,-1.94990930558665,-1.94682551422452,-1.94353326134452,-1.9400470390042,NaN,NaN,NaN,NaN,NaN,NaN,NaN,NaN,NaN,NaN,NaN,NaN,NaN,NaN,NaN,NaN,NaN,NaN,NaN,NaN,NaN,NaN,NaN,NaN
NaN,NaN,NaN,NaN,NaN,NaN,NaN,NaN,NaN,NaN,NaN,NaN,NaN,NaN,NaN,NaN,NaN,NaN,NaN,NaN,NaN,NaN,NaN,NaN,-1.93792582153138,-1.94143173315162,-1.9447507043777,-1.94787076168261,-1.95083686071648,-1.95381093980406,-1.95663597706801,-1.95931027493758,-1.96183852389666,-1.9642197011941,-1.9664524639698,-1.96854041912324,-1.97048132708513,-1.9722768491482,-1.97392865868108,-1.97543423407848,-1.97679596575367,-1.9780135370421,-1.97908688078754,-1.98001648973224,-1.98080330802137,-1.98144539788931,-1.98194573488452,-1.98230356307347,-1.98251729053929,-1.98258969770907,-1.98251729053929,-1.98230356307347,-1.98194573488452,-1.98144539788931,-1.98080330802137,-1.98001648973224,-1.97908688078754,-1.9780135370421,-1.97679596575367,-1.97543423407848,-1.97392865868108,-1.9722768491482,-1.97048132708513,-1.96854041912324,-1.9664524639698,-1.9642197011941,-1.96183852389666,-1.95931027493758,-1.95663597706801,-1.95381093980406,-1.95083686071648,-1.94787076168261,-1.9447507043777,-1.94143173315162,-1.93792582153138,NaN,NaN,NaN,NaN,NaN,NaN,NaN,NaN,NaN,NaN,NaN,NaN,NaN,NaN,NaN,NaN,NaN,NaN,NaN,NaN,NaN,NaN,NaN,NaN
NaN,NaN,NaN,NaN,NaN,NaN,NaN,NaN,NaN,NaN,NaN,NaN,NaN,NaN,NaN,NaN,NaN,NaN,NaN,NaN,NaN,NaN,NaN,NaN,NaN,-1.93918203835661,-1.94252604276593,-1.94567986984828,-1.94863135838815,-1.95149308532463,-1.95432117296835,-1.95699891774152,-1.95952956759363,-1.96191364218966,-1.96414918381326,-1.96623918700545,-1.96818170070644,-1.96997956421704,-1.97163314334644,-1.97314048442838,-1.97450322117521,-1.97572243205996,-1.97679655516712,-1.97772774644316,-1.97851529915343,-1.97915823994748,-1.97965888522737,-1.98001732881869,-1.98023150405791,-1.98030360673575,-1.98023150405791,-1.98001732881869,-1.97965888522737,-1.97915823994748,-1.97851529915343,-1.97772774644316,-1.97679655516712,-1.97572243205996,-1.97450322117521,-1.97314048442838,-1.97163314334644,-1.96997956421704,-1.96818170070644,-1.96623918700545,-1.96414918381326,-1.96191364218966,-1.95952956759363,-1.95699891774152,-1.95432117296835,-1.95149308532463,-1.94863135838815,-1.94567986984828,-1.94252604276593,-1.93918203835661,NaN,NaN,NaN,NaN,NaN,NaN,NaN,NaN,NaN,NaN,NaN,NaN,NaN,NaN,NaN,NaN,NaN,NaN,NaN,NaN,NaN,NaN,NaN,NaN,NaN
NaN,NaN,NaN,NaN,NaN,NaN,NaN,NaN,NaN,NaN,NaN,NaN,NaN,NaN,NaN,NaN,NaN,NaN,NaN,NaN,NaN,NaN,NaN,NaN,NaN,-1.93678280583527,-1.94014950813827,-1.94333391796489,-1.94632632448046,-1.94911499279591,-1.95186243235177,-1.95454530191199,-1.95707901055289,-1.95946485821309,-1.96170385791911,-1.96379540259008,-1.96574128455383,-1.9675411558318,-1.9691950176407,-1.97070424025127,-1.97206911445496,-1.97328902708557,-1.9743651506133,-1.9752968571046,-1.97608520278771,-1.97673034131831,-1.97723160435358,-1.97758912229941,-1.97780389588172,-1.97787556357574,-1.97780389588172,-1.97758912229941,-1.97723160435358,-1.97673034131831,-1.97608520278771,-1.9752968571046,-1.9743651506133,-1.97328902708557,-1.97206911445496,-1.97070424025127,-1.9691950176407,-1.9675411558318,-1.96574128455383,-1.96379540259008,-1.96170385791911,-1.95946485821309,-1.95707901055289,-1.95454530191199,-1.95186243235177,-1.94911499279591,-1.94632632448046,-1.94333391796489,-1.94014950813827,-1.93678280583527,NaN,NaN,NaN,NaN,NaN,NaN,NaN,NaN,NaN,NaN,NaN,NaN,NaN,NaN,NaN,NaN,NaN,NaN,NaN,NaN,NaN,NaN,NaN,NaN,NaN
NaN,NaN,NaN,NaN,NaN,NaN,NaN,NaN,NaN,NaN,NaN,NaN,NaN,NaN,NaN,NaN,NaN,NaN,NaN,NaN,NaN,NaN,NaN,NaN,NaN,NaN,-1.9376153721607,-1.94082666399097,-1.94385490332132,-1.94669097014663,-1.94932417140064,-1.95194205616884,-1.95447901599392,-1.95686792377651,-1.95910943869756,-1.96120392792073,-1.96315208124758,-1.96495409329037,-1.966610670907,-1.96812185474775,-1.96948793439742,-1.97070962724744,-1.97178677120219,-1.97272007688554,-1.97350926141321,-1.97415447067403,-1.97465638941609,-1.97501514783297,-1.97523013967333,-1.97530177217924,-1.97523013967333,-1.97501514783297,-1.97465638941609,-1.97415447067403,-1.97350926141321,-1.97272007688554,-1.97178677120219,-1.97070962724744,-1.96948793439742,-1.96812185474775,-1.966610670907,-1.96495409329037,-1.96315208124758,-1.96120392792073,-1.95910943869756,-1.95686792377651,-1.95447901599392,-1.95194205616884,-1.94932417140064,-1.94669097014663,-1.94385490332132,-1.94082666399097,-1.9376153721607,NaN,NaN,NaN,NaN,NaN,NaN,NaN,NaN,NaN,NaN,NaN,NaN,NaN,NaN,NaN,NaN,NaN,NaN,NaN,NaN,NaN,NaN,NaN,NaN,NaN,NaN
NaN,NaN,NaN,NaN,NaN,NaN,NaN,NaN,NaN,NaN,NaN,NaN,NaN,NaN,NaN,NaN,NaN,NaN,NaN,NaN,NaN,NaN,NaN,NaN,NaN,NaN,NaN,-1.93816296029642,-1.94122193086692,-1.94409841916977,-1.94678434744722,-1.94927056627269,-1.95173550873154,-1.95412848508404,-1.95637271148894,-1.95847022722983,-1.96042009702023,-1.96222507715551,-1.96388346224096,-1.96539668709897,-1.96676403837962,-1.96798757728603,-1.96906591602004,-1.97000075143399,-1.97079081352903,-1.97143801657613,-1.97194062917976,-1.9722987449594,-1.97251434393994,-1.97258556465451,-1.97251434393994,-1.9722987449594,-1.97194062917976,-1.97143801657613,-1.97079081352903,-1.97000075143399,-1.96906591602004,-1.96798757728603,-1.96676403837962,-1.96539668709897,-1.96388346224096,-1.96222507715551,-1.96042009702023,-1.95847022722983,-1.95637271148894,-1.95412848508404,-1.95173550873154,-1.94927056627269,-1.94678434744722,-1.94409841916977,-1.94122193086692,-1.93816296029642,NaN,NaN,NaN,NaN,NaN,NaN,NaN,NaN,NaN,NaN,NaN,NaN,NaN,NaN,NaN,NaN,NaN,NaN,NaN,NaN,NaN,NaN,NaN,NaN,NaN,NaN,NaN
NaN,NaN,NaN,NaN,NaN,NaN,NaN,NaN,NaN,NaN,NaN,NaN,NaN,NaN,NaN,NaN,NaN,NaN,NaN,NaN,NaN,NaN,NaN,NaN,NaN,NaN,NaN,NaN,-1.93842661917276,-1.94133687718053,-1.94406656332325,-1.94660895039368,-1.94895674993008,-1.95124304864897,-1.95349013768625,-1.9555913954779,-1.95754395678881,-1.95935060830467,-1.96101288797083,-1.96252826976855,-1.96389701239672,-1.96512248551262,-1.96620186632411,-1.96713853717725,-1.96792954182285,-1.96857711478226,-1.96908025820912,-1.96943963233809,-1.96965572820469,-1.96972667414981,-1.96965572820469,-1.96943963233809,-1.96908025820912,-1.96857711478226,-1.96792954182285,-1.96713853717725,-1.96620186632411,-1.96512248551262,-1.96389701239672,-1.96252826976855,-1.96101288797083,-1.95935060830467,-1.95754395678881,-1.9555913954779,-1.95349013768625,-1.95124304864897,-1.94895674993008,-1.94660895039368,-1.94406656332325,-1.94133687718053,-1.93842661917276,NaN,NaN,NaN,NaN,NaN,NaN,NaN,NaN,NaN,NaN,NaN,NaN,NaN,NaN,NaN,NaN,NaN,NaN,NaN,NaN,NaN,NaN,NaN,NaN,NaN,NaN,NaN,NaN
NaN,NaN,NaN,NaN,NaN,NaN,NaN,NaN,NaN,NaN,NaN,NaN,NaN,NaN,NaN,NaN,NaN,NaN,NaN,NaN,NaN,NaN,NaN,NaN,NaN,NaN,NaN,NaN,NaN,-1.93840407664683,-1.94116938674022,-1.94375720247487,-1.94616228196245,-1.94837930212785,-1.95045959739561,-1.95256397284637,-1.95451907986797,-1.95632908526688,-1.95799199235277,-1.9595096080605,-1.96088141411747,-1.96210748110648,-1.96319007267195,-1.96412630067198,-1.96491889564326,-1.96556850965151,-1.96607258731213,-1.96643077329368,-1.9666472163033,-1.96671908965096,-1.9666472163033,-1.96643077329368,-1.96607258731213,-1.96556850965151,-1.96491889564326,-1.96412630067198,-1.96319007267195,-1.96210748110648,-1.96088141411747,-1.9595096080605,-1.95799199235277,-1.95632908526688,-1.95451907986797,-1.95256397284637,-1.95045959739561,-1.94837930212785,-1.94616228196245,-1.94375720247487,-1.94116938674022,-1.93840407664683,NaN,NaN,NaN,NaN,NaN,NaN,NaN,NaN,NaN,NaN,NaN,NaN,NaN,NaN,NaN,NaN,NaN,NaN,NaN,NaN,NaN,NaN,NaN,NaN,NaN,NaN,NaN,NaN,NaN
NaN,NaN,NaN,NaN,NaN,NaN,NaN,NaN,NaN,NaN,NaN,NaN,NaN,NaN,NaN,NaN,NaN,NaN,NaN,NaN,NaN,NaN,NaN,NaN,NaN,NaN,NaN,NaN,NaN,NaN,-1.93810188309296,-1.94072587867241,-1.94317634041638,-1.94544948788902,-1.94754187461641,-1.9494506630499,-1.95134996963835,-1.95316192610558,-1.95482910084205,-1.95634883499018,-1.95772187107996,-1.95895142834784,-1.96003372832351,-1.96097359458535,-1.96176662757942,-1.96241581815554,-1.96292054119259,-1.96328130370485,-1.96349778425558,-1.96356884266769,-1.96349778425558,-1.96328130370485,-1.96292054119259,-1.96241581815554,-1.96176662757942,-1.96097359458535,-1.96003372832351,-1.95895142834784,-1.95772187107996,-1.95634883499018,-1.95482910084205,-1.95316192610558,-1.95134996963835,-1.9494506630499,-1.94754187461641,-1.94544948788902,-1.94317634041638,-1.94072587867241,-1.93810188309296,NaN,NaN,NaN,NaN,NaN,NaN,NaN,NaN,NaN,NaN,NaN,NaN,NaN,NaN,NaN,NaN,NaN,NaN,NaN,NaN,NaN,NaN,NaN,NaN,NaN,NaN,NaN,NaN,NaN,NaN
NaN,NaN,NaN,NaN,NaN,NaN,NaN,NaN,NaN,NaN,NaN,NaN,NaN,NaN,NaN,NaN,NaN,NaN,NaN,NaN,NaN,NaN,NaN,NaN,NaN,NaN,NaN,NaN,NaN,NaN,NaN,-1.93751784372097,-1.94000359089714,-1.94232024592957,-1.9444653325574,-1.94643702869126,-1.94823419737075,-1.94986760795939,-1.9515184803401,-1.95304072593352,-1.95441645475693,-1.95564709110917,-1.95673227161857,-1.95767249402054,-1.95846711633766,-1.95911774709805,-1.95962330610901,-1.95998393470057,-1.96020112850903,-1.96027281751385,-1.96020112850903,-1.95998393470057,-1.95962330610901,-1.95911774709805,-1.95846711633766,-1.95767249402054,-1.95673227161857,-1.95564709110917,-1.95441645475693,-1.95304072593352,-1.9515184803401,-1.94986760795939,-1.94823419737075,-1.94643702869126,-1.9444653325574,-1.94232024592957,-1.94000359089714,-1.93751784372097,NaN,NaN,NaN,NaN,NaN,NaN,NaN,NaN,NaN,NaN,NaN,NaN,NaN,NaN,NaN,NaN,NaN,NaN,NaN,NaN,NaN,NaN,NaN,NaN,NaN,NaN,NaN,NaN,NaN,NaN,NaN
NaN,NaN,NaN,NaN,NaN,NaN,NaN,NaN,NaN,NaN,NaN,NaN,NaN,NaN,NaN,NaN,NaN,NaN,NaN,NaN,NaN,NaN,NaN,NaN,NaN,NaN,NaN,NaN,NaN,NaN,NaN,NaN,-1.93664795526563,-1.93899767972855,-1.94118278107781,-1.9432019534435,-1.94505453891685,-1.94674065604528,-1.94826139035129,-1.94962146000462,-1.95096035551232,-1.95219307389811,-1.95327992846958,-1.95422163336463,-1.95501791126383,-1.95566946714795,-1.95617590391808,-1.95653731257666,-1.95675435843238,-1.95682650169996,-1.95675435843238,-1.95653731257666,-1.95617590391808,-1.95566946714795,-1.95501791126383,-1.95422163336463,-1.95327992846958,-1.95219307389811,-1.95096035551232,-1.94962146000462,-1.94826139035129,-1.94674065604528,-1.94505453891685,-1.9432019534435,-1.94118278107781,-1.93899767972855,-1.93664795526563,NaN,NaN,NaN,NaN,NaN,NaN,NaN,NaN,NaN,NaN,NaN,NaN,NaN,NaN,NaN,NaN,NaN,NaN,NaN,NaN,NaN,NaN,NaN,NaN,NaN,NaN,NaN,NaN,NaN,NaN,NaN,NaN
NaN,NaN,NaN,NaN,NaN,NaN,NaN,NaN,NaN,NaN,NaN,NaN,NaN,NaN,NaN,NaN,NaN,NaN,NaN,NaN,NaN,NaN,NaN,NaN,NaN,NaN,NaN,NaN,NaN,NaN,NaN,NaN,NaN,NaN,-1.93771119309082,-1.93976572670689,-1.94165948531402,-1.94339248458118,-1.94496566240332,-1.94638065490047,-1.94763997645233,-1.94874703596159,-1.94971306864967,-1.95062610562449,-1.95142362077976,-1.95207688567038,-1.95258422610628,-1.95294573207753,-1.95316334848059,-1.95323525287288,-1.95316334848059,-1.95294573207753,-1.95258422610628,-1.95207688567038,-1.95142362077976,-1.95062610562449,-1.94971306864967,-1.94874703596159,-1.94763997645233,-1.94638065490047,-1.94496566240332,-1.94339248458118,-1.94165948531402,-1.93976572670689,-1.93771119309082,NaN,NaN,NaN,NaN,NaN,NaN,NaN,NaN,NaN,NaN,NaN,NaN,NaN,NaN,NaN,NaN,NaN,NaN,NaN,NaN,NaN,NaN,NaN,NaN,NaN,NaN,NaN,NaN,NaN,NaN,NaN,NaN,NaN,NaN
NaN,NaN,NaN,NaN,NaN,NaN,NaN,NaN,NaN,NaN,NaN,NaN,NaN,NaN,NaN,NaN,NaN,NaN,NaN,NaN,NaN,NaN,NaN,NaN,NaN,NaN,NaN,NaN,NaN,NaN,NaN,NaN,NaN,NaN,NaN,NaN,-1.9380613645571,-1.93982852744484,-1.94143979267922,-1.94289623707695,-1.94419968897445,-1.94535252100573,-1.9463576278927,-1.94721833699431,-1.94793824248483,-1.9485209914953,-1.948970040394,-1.94928840477295,-1.9494787242429,-1.94954414733124,-1.9494787242429,-1.94928840477295,-1.948970040394,-1.9485209914953,-1.94793824248483,-1.94721833699431,-1.9463576278927,-1.94535252100573,-1.94419968897445,-1.94289623707695,-1.94143979267922,-1.93982852744484,-1.9380613645571,NaN,NaN,NaN,NaN,NaN,NaN,NaN,NaN,NaN,NaN,NaN,NaN,NaN,NaN,NaN,NaN,NaN,NaN,NaN,NaN,NaN,NaN,NaN,NaN,NaN,NaN,NaN,NaN,NaN,NaN,NaN,NaN,NaN,NaN,NaN,NaN
NaN,NaN,NaN,NaN,NaN,NaN,NaN,NaN,NaN,NaN,NaN,NaN,NaN,NaN,NaN,NaN,NaN,NaN,NaN,NaN,NaN,NaN,NaN,NaN,NaN,NaN,NaN,NaN,NaN,NaN,NaN,NaN,NaN,NaN,NaN,NaN,NaN,NaN,-1.93770160844822,-1.93918762279784,-1.94052247814756,-1.94170780896949,-1.94274549258612,-1.94363785930796,-1.94438732731345,-1.9449963411938,-1.94546721293066,-1.94580195742783,-1.94600214026204,-1.94606875444824,-1.94600214026204,-1.94580195742783,-1.94546721293066,-1.9449963411938,-1.94438732731345,-1.94363785930796,-1.94274549258612,-1.94170780896949,-1.94052247814756,-1.93918762279784,-1.93770160844822,NaN,NaN,NaN,NaN,NaN,NaN,NaN,NaN,NaN,NaN,NaN,NaN,NaN,NaN,NaN,NaN,NaN,NaN,NaN,NaN,NaN,NaN,NaN,NaN,NaN,NaN,NaN,NaN,NaN,NaN,NaN,NaN,NaN,NaN,NaN,NaN,NaN,NaN
NaN,NaN,NaN,NaN,NaN,NaN,NaN,NaN,NaN,NaN,NaN,NaN,NaN,NaN,NaN,NaN,NaN,NaN,NaN,NaN,NaN,NaN,NaN,NaN,NaN,NaN,NaN,NaN,NaN,NaN,NaN,NaN,NaN,NaN,NaN,NaN,NaN,NaN,NaN,NaN,-1.93663671472579,-1.93784475159802,-1.93890524633989,-1.93981972513356,-1.94058980720234,-1.94121711644232,-1.94170317218063,-1.94204928095952,-1.94225650881085,-1.94232551009267,-1.94225650881085,-1.94204928095952,-1.94170317218063,-1.94121711644232,-1.94058980720234,-1.93981972513356,-1.93890524633989,-1.93784475159802,-1.93663671472579,NaN,NaN,NaN,NaN,NaN,NaN,NaN,NaN,NaN,NaN,NaN,NaN,NaN,NaN,NaN,NaN,NaN,NaN,NaN,NaN,NaN,NaN,NaN,NaN,NaN,NaN,NaN,NaN,NaN,NaN,NaN,NaN,NaN,NaN,NaN,NaN,NaN,NaN,NaN,NaN
NaN,NaN,NaN,NaN,NaN,NaN,NaN,NaN,NaN,NaN,NaN,NaN,NaN,NaN,NaN,NaN,NaN,NaN,NaN,NaN,NaN,NaN,NaN,NaN,NaN,NaN,NaN,NaN,NaN,NaN,NaN,NaN,NaN,NaN,NaN,NaN,NaN,NaN,NaN,NaN,NaN,NaN,NaN,NaN,-1.93656988070788,-1.93720971146999,-1.93770614081487,-1.93806004534531,-1.93827210208319,-1.93834273887707,-1.93827210208319,-1.93806004534531,-1.93770614081487,-1.93720971146999,-1.93656988070788,NaN,NaN,NaN,NaN,NaN,NaN,NaN,NaN,NaN,NaN,NaN,NaN,NaN,NaN,NaN,NaN,NaN,NaN,NaN,NaN,NaN,NaN,NaN,NaN,NaN,NaN,NaN,NaN,NaN,NaN,NaN,NaN,NaN,NaN,NaN,NaN,NaN,NaN,NaN,NaN,NaN,NaN,NaN,NaN
NaN,NaN,NaN,NaN,NaN,NaN,NaN,NaN,NaN,NaN,NaN,NaN,NaN,NaN,NaN,NaN,NaN,NaN,NaN,NaN,NaN,NaN,NaN,NaN,NaN,NaN,NaN,NaN,NaN,NaN,NaN,NaN,NaN,NaN,NaN,NaN,NaN,NaN,NaN,NaN,NaN,NaN,NaN,NaN,NaN,NaN,NaN,NaN,NaN,NaN,NaN,NaN,NaN,NaN,NaN,NaN,NaN,NaN,NaN,NaN,NaN,NaN,NaN,NaN,NaN,NaN,NaN,NaN,NaN,NaN,NaN,NaN,NaN,NaN,NaN,NaN,NaN,NaN,NaN,NaN,NaN,NaN,NaN,NaN,NaN,NaN,NaN,NaN,NaN,NaN,NaN,NaN,NaN,NaN,NaN,NaN,NaN,NaN,NaN
NaN,NaN,NaN,NaN,NaN,NaN,NaN,NaN,NaN,NaN,NaN,NaN,NaN,NaN,NaN,NaN,NaN,NaN,NaN,NaN,NaN,NaN,NaN,NaN,NaN,NaN,NaN,NaN,NaN,NaN,NaN,NaN,NaN,NaN,NaN,NaN,NaN,NaN,NaN,NaN,NaN,NaN,NaN,NaN,NaN,NaN,NaN,NaN,NaN,NaN,NaN,NaN,NaN,NaN,NaN,NaN,NaN,NaN,NaN,NaN,NaN,NaN,NaN,NaN,NaN,NaN,NaN,NaN,NaN,NaN,NaN,NaN,NaN,NaN,NaN,NaN,NaN,NaN,NaN,NaN,NaN,NaN,NaN,NaN,NaN,NaN,NaN,NaN,NaN,NaN,NaN,NaN,NaN,NaN,NaN,NaN,NaN,NaN,NaN
NaN,NaN,NaN,NaN,NaN,NaN,NaN,NaN,NaN,NaN,NaN,NaN,NaN,NaN,NaN,NaN,NaN,NaN,NaN,NaN,NaN,NaN,NaN,NaN,NaN,NaN,NaN,NaN,NaN,NaN,NaN,NaN,NaN,NaN,NaN,NaN,NaN,NaN,NaN,NaN,NaN,NaN,NaN,NaN,NaN,NaN,NaN,NaN,NaN,NaN,NaN,NaN,NaN,NaN,NaN,NaN,NaN,NaN,NaN,NaN,NaN,NaN,NaN,NaN,NaN,NaN,NaN,NaN,NaN,NaN,NaN,NaN,NaN,NaN,NaN,NaN,NaN,NaN,NaN,NaN,NaN,NaN,NaN,NaN,NaN,NaN,NaN,NaN,NaN,NaN,NaN,NaN,NaN,NaN,NaN,NaN,NaN,NaN,NaN
NaN,NaN,NaN,NaN,NaN,NaN,NaN,NaN,NaN,NaN,NaN,NaN,NaN,NaN,NaN,NaN,NaN,NaN,NaN,NaN,NaN,NaN,NaN,NaN,NaN,NaN,NaN,NaN,NaN,NaN,NaN,NaN,NaN,NaN,NaN,NaN,NaN,NaN,NaN,NaN,NaN,NaN,NaN,NaN,NaN,NaN,NaN,NaN,NaN,NaN,NaN,NaN,NaN,NaN,NaN,NaN,NaN,NaN,NaN,NaN,NaN,NaN,NaN,NaN,NaN,NaN,NaN,NaN,NaN,NaN,NaN,NaN,NaN,NaN,NaN,NaN,NaN,NaN,NaN,NaN,NaN,NaN,NaN,NaN,NaN,NaN,NaN,NaN,NaN,NaN,NaN,NaN,NaN,NaN,NaN,NaN,NaN,NaN,NaN
NaN,NaN,NaN,NaN,NaN,NaN,NaN,NaN,NaN,NaN,NaN,NaN,NaN,NaN,NaN,NaN,NaN,NaN,NaN,NaN,NaN,NaN,NaN,NaN,NaN,NaN,NaN,NaN,NaN,NaN,NaN,NaN,NaN,NaN,NaN,NaN,NaN,NaN,NaN,NaN,NaN,NaN,NaN,NaN,NaN,NaN,NaN,NaN,NaN,NaN,NaN,NaN,NaN,NaN,NaN,NaN,NaN,NaN,NaN,NaN,NaN,NaN,NaN,NaN,NaN,NaN,NaN,NaN,NaN,NaN,NaN,NaN,NaN,NaN,NaN,NaN,NaN,NaN,NaN,NaN,NaN,NaN,NaN,NaN,NaN,NaN,NaN,NaN,NaN,NaN,NaN,NaN,NaN,NaN,NaN,NaN,NaN,NaN,NaN
NaN,NaN,NaN,NaN,NaN,NaN,NaN,NaN,NaN,NaN,NaN,NaN,NaN,NaN,NaN,NaN,NaN,NaN,NaN,NaN,NaN,NaN,NaN,NaN,NaN,NaN,NaN,NaN,NaN,NaN,NaN,NaN,NaN,NaN,NaN,NaN,NaN,NaN,NaN,NaN,NaN,NaN,NaN,NaN,NaN,NaN,NaN,NaN,NaN,NaN,NaN,NaN,NaN,NaN,NaN,NaN,NaN,NaN,NaN,NaN,NaN,NaN,NaN,NaN,NaN,NaN,NaN,NaN,NaN,NaN,NaN,NaN,NaN,NaN,NaN,NaN,NaN,NaN,NaN,NaN,NaN,NaN,NaN,NaN,NaN,NaN,NaN,NaN,NaN,NaN,NaN,NaN,NaN,NaN,NaN,NaN,NaN,NaN,NaN
NaN,NaN,NaN,NaN,NaN,NaN,NaN,NaN,NaN,NaN,NaN,NaN,NaN,NaN,NaN,NaN,NaN,NaN,NaN,NaN,NaN,NaN,NaN,NaN,NaN,NaN,NaN,NaN,NaN,NaN,NaN,NaN,NaN,NaN,NaN,NaN,NaN,NaN,NaN,NaN,NaN,NaN,NaN,NaN,NaN,NaN,NaN,NaN,NaN,NaN,NaN,NaN,NaN,NaN,NaN,NaN,NaN,NaN,NaN,NaN,NaN,NaN,NaN,NaN,NaN,NaN,NaN,NaN,NaN,NaN,NaN,NaN,NaN,NaN,NaN,NaN,NaN,NaN,NaN,NaN,NaN,NaN,NaN,NaN,NaN,NaN,NaN,NaN,NaN,NaN,NaN,NaN,NaN,NaN,NaN,NaN,NaN,NaN,NaN
NaN,NaN,NaN,NaN,NaN,NaN,NaN,NaN,NaN,NaN,NaN,NaN,NaN,NaN,NaN,NaN,NaN,NaN,NaN,NaN,NaN,NaN,NaN,NaN,NaN,NaN,NaN,NaN,NaN,NaN,NaN,NaN,NaN,NaN,NaN,NaN,NaN,NaN,NaN,NaN,NaN,NaN,NaN,NaN,NaN,NaN,NaN,NaN,NaN,NaN,NaN,NaN,NaN,NaN,NaN,NaN,NaN,NaN,NaN,NaN,NaN,NaN,NaN,NaN,NaN,NaN,NaN,NaN,NaN,NaN,NaN,NaN,NaN,NaN,NaN,NaN,NaN,NaN,NaN,NaN,NaN,NaN,NaN,NaN,NaN,NaN,NaN,NaN,NaN,NaN,NaN,NaN,NaN,NaN,NaN,NaN,NaN,NaN,NaN
NaN,NaN,NaN,NaN,NaN,NaN,NaN,NaN,NaN,NaN,NaN,NaN,NaN,NaN,NaN,NaN,NaN,NaN,NaN,NaN,NaN,NaN,NaN,NaN,NaN,NaN,NaN,NaN,NaN,NaN,NaN,NaN,NaN,NaN,NaN,NaN,NaN,NaN,NaN,NaN,NaN,NaN,NaN,NaN,NaN,NaN,NaN,NaN,NaN,NaN,NaN,NaN,NaN,NaN,NaN,NaN,NaN,NaN,NaN,NaN,NaN,NaN,NaN,NaN,NaN,NaN,NaN,NaN,NaN,NaN,NaN,NaN,NaN,NaN,NaN,NaN,NaN,NaN,NaN,NaN,NaN,NaN,NaN,NaN,NaN,NaN,NaN,NaN,NaN,NaN,NaN,NaN,NaN,NaN,NaN,NaN,NaN,NaN,NaN
NaN,NaN,NaN,NaN,NaN,NaN,NaN,NaN,NaN,NaN,NaN,NaN,NaN,NaN,NaN,NaN,NaN,NaN,NaN,NaN,NaN,NaN,NaN,NaN,NaN,NaN,NaN,NaN,NaN,NaN,NaN,NaN,NaN,NaN,NaN,NaN,NaN,NaN,NaN,NaN,NaN,NaN,NaN,NaN,NaN,NaN,NaN,NaN,NaN,NaN,NaN,NaN,NaN,NaN,NaN,NaN,NaN,NaN,NaN,NaN,NaN,NaN,NaN,NaN,NaN,NaN,NaN,NaN,NaN,NaN,NaN,NaN,NaN,NaN,NaN,NaN,NaN,NaN,NaN,NaN,NaN,NaN,NaN,NaN,NaN,NaN,NaN,NaN,NaN,NaN,NaN,NaN,NaN,NaN,NaN,NaN,NaN,NaN,NaN
NaN,NaN,NaN,NaN,NaN,NaN,NaN,NaN,NaN,NaN,NaN,NaN,NaN,NaN,NaN,NaN,NaN,NaN,NaN,NaN,NaN,NaN,NaN,NaN,NaN,NaN,NaN,NaN,NaN,NaN,NaN,NaN,NaN,NaN,NaN,NaN,NaN,NaN,NaN,NaN,NaN,NaN,NaN,NaN,NaN,NaN,NaN,NaN,NaN,NaN,NaN,NaN,NaN,NaN,NaN,NaN,NaN,NaN,NaN,NaN,NaN,NaN,NaN,NaN,NaN,NaN,NaN,NaN,NaN,NaN,NaN,NaN,NaN,NaN,NaN,NaN,NaN,NaN,NaN,NaN,NaN,NaN,NaN,NaN,NaN,NaN,NaN,NaN,NaN,NaN,NaN,NaN,NaN,NaN,NaN,NaN,NaN,NaN,NaN
NaN,NaN,NaN,NaN,NaN,NaN,NaN,NaN,NaN,NaN,NaN,NaN,NaN,NaN,NaN,NaN,NaN,NaN,NaN,NaN,NaN,NaN,NaN,NaN,NaN,NaN,NaN,NaN,NaN,NaN,NaN,NaN,NaN,NaN,NaN,NaN,NaN,NaN,NaN,NaN,NaN,NaN,NaN,NaN,NaN,NaN,NaN,NaN,NaN,NaN,NaN,NaN,NaN,NaN,NaN,NaN,NaN,NaN,NaN,NaN,NaN,NaN,NaN,NaN,NaN,NaN,NaN,NaN,NaN,NaN,NaN,NaN,NaN,NaN,NaN,NaN,NaN,NaN,NaN,NaN,NaN,NaN,NaN,NaN,NaN,NaN,NaN,NaN,NaN,NaN,NaN,NaN,NaN,NaN,NaN,NaN,NaN,NaN,NaN
NaN,NaN,NaN,NaN,NaN,NaN,NaN,NaN,NaN,NaN,NaN,NaN,NaN,NaN,NaN,NaN,NaN,NaN,NaN,NaN,NaN,NaN,NaN,NaN,NaN,NaN,NaN,NaN,NaN,NaN,NaN,NaN,NaN,NaN,NaN,NaN,NaN,NaN,NaN,NaN,NaN,NaN,NaN,NaN,NaN,NaN,NaN,NaN,NaN,NaN,NaN,NaN,NaN,NaN,NaN,NaN,NaN,NaN,NaN,NaN,NaN,NaN,NaN,NaN,NaN,NaN,NaN,NaN,NaN,NaN,NaN,NaN,NaN,NaN,NaN,NaN,NaN,NaN,NaN,NaN,NaN,NaN,NaN,NaN,NaN,NaN,NaN,NaN,NaN,NaN,NaN,NaN,NaN,NaN,NaN,NaN,NaN,NaN,NaN
NaN,NaN,NaN,NaN,NaN,NaN,NaN,NaN,NaN,NaN,NaN,NaN,NaN,NaN,NaN,NaN,NaN,NaN,NaN,NaN,NaN,NaN,NaN,NaN,NaN,NaN,NaN,NaN,NaN,NaN,NaN,NaN,NaN,NaN,NaN,NaN,NaN,NaN,NaN,NaN,NaN,NaN,NaN,NaN,NaN,NaN,NaN,NaN,NaN,NaN,NaN,NaN,NaN,NaN,NaN,NaN,NaN,NaN,NaN,NaN,NaN,NaN,NaN,NaN,NaN,NaN,NaN,NaN,NaN,NaN,NaN,NaN,NaN,NaN,NaN,NaN,NaN,NaN,NaN,NaN,NaN,NaN,NaN,NaN,NaN,NaN,NaN,NaN,NaN,NaN,NaN,NaN,NaN,NaN,NaN,NaN,NaN,NaN,NaN
NaN,NaN,NaN,NaN,NaN,NaN,NaN,NaN,NaN,NaN,NaN,NaN,NaN,NaN,NaN,NaN,NaN,NaN,NaN,NaN,NaN,NaN,NaN,NaN,NaN,NaN,NaN,NaN,NaN,NaN,NaN,NaN,NaN,NaN,NaN,NaN,NaN,NaN,NaN,NaN,NaN,NaN,NaN,NaN,NaN,NaN,NaN,NaN,NaN,NaN,NaN,NaN,NaN,NaN,NaN,NaN,NaN,NaN,NaN,NaN,NaN,NaN,NaN,NaN,NaN,NaN,NaN,NaN,NaN,NaN,NaN,NaN,NaN,NaN,NaN,NaN,NaN,NaN,NaN,NaN,NaN,NaN,NaN,NaN,NaN,NaN,NaN,NaN,NaN,NaN,NaN,NaN,NaN,NaN,NaN,NaN,NaN,NaN,NaN
NaN,NaN,NaN,NaN,NaN,NaN,NaN,NaN,NaN,NaN,NaN,NaN,NaN,NaN,NaN,NaN,NaN,NaN,NaN,NaN,NaN,NaN,NaN,NaN,NaN,NaN,NaN,NaN,NaN,NaN,NaN,NaN,NaN,NaN,NaN,NaN,NaN,NaN,NaN,NaN,NaN,NaN,NaN,NaN,NaN,NaN,NaN,NaN,NaN,NaN,NaN,NaN,NaN,NaN,NaN,NaN,NaN,NaN,NaN,NaN,NaN,NaN,NaN,NaN,NaN,NaN,NaN,NaN,NaN,NaN,NaN,NaN,NaN,NaN,NaN,NaN,NaN,NaN,NaN,NaN,NaN,NaN,NaN,NaN,NaN,NaN,NaN,NaN,NaN,NaN,NaN,NaN,NaN,NaN,NaN,NaN,NaN,NaN,NaN
NaN,NaN,NaN,NaN,NaN,NaN,NaN,NaN,NaN,NaN,NaN,NaN,NaN,NaN,NaN,NaN,NaN,NaN,NaN,NaN,NaN,NaN,NaN,NaN,NaN,NaN,NaN,NaN,NaN,NaN,NaN,NaN,NaN,NaN,NaN,NaN,NaN,NaN,NaN,NaN,NaN,NaN,NaN,NaN,NaN,NaN,NaN,NaN,NaN,NaN,NaN,NaN,NaN,NaN,NaN,NaN,NaN,NaN,NaN,NaN,NaN,NaN,NaN,NaN,NaN,NaN,NaN,NaN,NaN,NaN,NaN,NaN,NaN,NaN,NaN,NaN,NaN,NaN,NaN,NaN,NaN,NaN,NaN,NaN,NaN,NaN,NaN,NaN,NaN,NaN,NaN,NaN,NaN,NaN,NaN,NaN,NaN,NaN,NaN
NaN,NaN,NaN,NaN,NaN,NaN,NaN,NaN,NaN,NaN,NaN,NaN,NaN,NaN,NaN,NaN,NaN,NaN,NaN,NaN,NaN,NaN,NaN,NaN,NaN,NaN,NaN,NaN,NaN,NaN,NaN,NaN,NaN,NaN,NaN,NaN,NaN,NaN,NaN,NaN,NaN,NaN,NaN,NaN,NaN,NaN,NaN,NaN,NaN,NaN,NaN,NaN,NaN,NaN,NaN,NaN,NaN,NaN,NaN,NaN,NaN,NaN,NaN,NaN,NaN,NaN,NaN,NaN,NaN,NaN,NaN,NaN,NaN,NaN,NaN,NaN,NaN,NaN,NaN,NaN,NaN,NaN,NaN,NaN,NaN,NaN,NaN,NaN,NaN,NaN,NaN,NaN,NaN,NaN,NaN,NaN,NaN,NaN,NaN
NaN,NaN,NaN,NaN,NaN,NaN,NaN,NaN,NaN,NaN,NaN,NaN,NaN,NaN,NaN,NaN,NaN,NaN,NaN,NaN,NaN,NaN,NaN,NaN,NaN,NaN,NaN,NaN,NaN,NaN,NaN,NaN,NaN,NaN,NaN,NaN,NaN,NaN,NaN,NaN,NaN,NaN,NaN,NaN,NaN,NaN,NaN,NaN,NaN,NaN,NaN,NaN,NaN,NaN,NaN,NaN,NaN,NaN,NaN,NaN,NaN,NaN,NaN,NaN,NaN,NaN,NaN,NaN,NaN,NaN,NaN,NaN,NaN,NaN,NaN,NaN,NaN,NaN,NaN,NaN,NaN,NaN,NaN,NaN,NaN,NaN,NaN,NaN,NaN,NaN,NaN,NaN,NaN,NaN,NaN,NaN,NaN,NaN,NaN
NaN,NaN,NaN,NaN,NaN,NaN,NaN,NaN,NaN,NaN,NaN,NaN,NaN,NaN,NaN,NaN,NaN,NaN,NaN,NaN,NaN,NaN,NaN,NaN,NaN,NaN,NaN,NaN,NaN,NaN,NaN,NaN,NaN,NaN,NaN,NaN,NaN,NaN,NaN,NaN,NaN,NaN,NaN,NaN,NaN,NaN,NaN,NaN,NaN,NaN,NaN,NaN,NaN,NaN,NaN,NaN,NaN,NaN,NaN,NaN,NaN,NaN,NaN,NaN,NaN,NaN,NaN,NaN,NaN,NaN,NaN,NaN,NaN,NaN,NaN,NaN,NaN,NaN,NaN,NaN,NaN,NaN,NaN,NaN,NaN,NaN,NaN,NaN,NaN,NaN,NaN,NaN,NaN,NaN,NaN,NaN,NaN,NaN,NaN
